Nb de periode :    40
 0.1256637E+03
  0.421095E-03  0.000000E+00  0.163513E-02  0.000000E+00  0.640888E-01  0.000000E+00
  0.000000E+00  0.409526E-03  0.000000E+00  0.812721E-03  0.000000E+00 -0.163988E-01
  0.180982E-02  0.000000E+00  0.378999E+02  0.000000E+00  0.151599E+04  0.000000E+00
  0.000000E+00  0.819990E-03  0.000000E+00  0.137651E-02  0.000000E+00 -0.327779E-01
  0.716152E-01  0.000000E+00  0.151599E+04  0.000000E+00  0.606397E+05  0.000000E+00
  0.000000E+00 -0.163810E-01  0.000000E+00 -0.325084E-01  0.000000E+00  0.655950E+00
 0.6283186E+02
  0.486644E-01  0.000000E+00  0.526276E-01  0.000000E+00  0.202640E+01  0.000000E+00
  0.000000E+00  0.491804E-01  0.000000E+00  0.939914E-01  0.000000E+00 -0.196724E+01
  0.563520E-01  0.000000E+00  0.296752E+03  0.000000E+00  0.118700E+05  0.000000E+00
  0.000000E+00  0.939845E-01  0.000000E+00  0.183562E+00  0.000000E+00 -0.375943E+01
  0.216106E+01  0.000000E+00  0.118700E+05  0.000000E+00  0.474796E+06  0.000000E+00
  0.000000E+00 -0.196721E+01  0.000000E+00 -0.375965E+01  0.000000E+00  0.786897E+02
 0.4188790E+02
  0.830388E+00  0.000000E+00  0.383581E+00  0.000000E+00  0.136891E+02  0.000000E+00
  0.000000E+00  0.842574E+00  0.000000E+00  0.160693E+01  0.000000E+00 -0.337030E+02
  0.383665E+00  0.000000E+00  0.966060E+03  0.000000E+00  0.386416E+05  0.000000E+00
  0.000000E+00  0.159927E+01  0.000000E+00  0.304299E+01  0.000000E+00 -0.639706E+02
  0.137698E+02  0.000000E+00  0.386416E+05  0.000000E+00  0.154564E+07  0.000000E+00
  0.000000E+00 -0.337029E+02  0.000000E+00 -0.642773E+02  0.000000E+00  0.134812E+04
 0.3141593E+02
  0.612791E+01  0.000000E+00  0.181111E+01  0.000000E+00  0.607389E+02  0.000000E+00
  0.000000E+00  0.622188E+01  0.000000E+00  0.118056E+02  0.000000E+00 -0.248875E+03
  0.188244E+01  0.000000E+00  0.217651E+04  0.000000E+00  0.870570E+05  0.000000E+00
  0.000000E+00  0.117608E+02  0.000000E+00  0.223355E+02  0.000000E+00 -0.470432E+03
  0.637171E+02  0.000000E+00  0.870571E+05  0.000000E+00  0.348217E+07  0.000000E+00
  0.000000E+00 -0.248875E+03  0.000000E+00 -0.472222E+03  0.000000E+00  0.995501E+04
 0.2513274E+02
  0.286651E+02  0.000000E+00  0.578952E+01  0.000000E+00  0.177423E+03  0.000000E+00
  0.000000E+00  0.291949E+02  0.000000E+00  0.550567E+02  0.000000E+00 -0.116780E+04
  0.596285E+01  0.000000E+00  0.398201E+04  0.000000E+00  0.159270E+06  0.000000E+00
  0.000000E+00  0.548364E+02  0.000000E+00  0.103405E+03  0.000000E+00 -0.219346E+04
  0.184680E+03  0.000000E+00  0.159270E+06  0.000000E+00  0.637044E+07  0.000000E+00
  0.000000E+00 -0.116780E+04  0.000000E+00 -0.220227E+04  0.000000E+00  0.467118E+05
 0.2094395E+02
  0.100148E+03  0.000000E+00  0.145987E+02  0.000000E+00  0.396308E+03  0.000000E+00
  0.000000E+00  0.102553E+03  0.000000E+00  0.191888E+03  0.000000E+00 -0.410213E+04
  0.147242E+02  0.000000E+00  0.635467E+04  0.000000E+00  0.254158E+06  0.000000E+00
  0.000000E+00  0.190930E+03  0.000000E+00  0.357230E+03  0.000000E+00 -0.763720E+04
  0.402492E+03  0.000000E+00  0.254159E+06  0.000000E+00  0.101656E+08  0.000000E+00
  0.000000E+00 -0.410214E+04  0.000000E+00 -0.767551E+04  0.000000E+00  0.164086E+06
 0.1795196E+02
  0.285597E+03  0.000000E+00  0.358828E+02  0.000000E+00  0.906028E+03  0.000000E+00
  0.000000E+00  0.294776E+03  0.000000E+00  0.546400E+03  0.000000E+00 -0.117910E+05
  0.362941E+02  0.000000E+00  0.919655E+04  0.000000E+00  0.367794E+06  0.000000E+00
  0.000000E+00  0.543639E+03  0.000000E+00  0.100768E+04  0.000000E+00 -0.217455E+05
  0.924842E+03  0.000000E+00  0.367797E+06  0.000000E+00  0.147101E+08  0.000000E+00
  0.000000E+00 -0.117910E+05  0.000000E+00 -0.218560E+05  0.000000E+00  0.471642E+06
 0.1570796E+02
  0.703953E+03  0.000000E+00  0.737896E+02  0.000000E+00  0.165950E+04  0.000000E+00
  0.000000E+00  0.730981E+03  0.000000E+00  0.134015E+04  0.000000E+00 -0.292392E+05
  0.741596E+02  0.000000E+00  0.123563E+05  0.000000E+00  0.494116E+06  0.000000E+00
  0.000000E+00  0.133464E+04  0.000000E+00  0.244685E+04  0.000000E+00 -0.533855E+05
  0.168130E+04  0.000000E+00  0.494116E+06  0.000000E+00  0.197616E+08  0.000000E+00
  0.000000E+00 -0.292392E+05  0.000000E+00 -0.536060E+05  0.000000E+00  0.116957E+07
 0.1396263E+02
  0.154029E+04  0.000000E+00  0.120757E+03  0.000000E+00  0.204267E+04  0.000000E+00
  0.000000E+00  0.161956E+04  0.000000E+00  0.293145E+04  0.000000E+00 -0.647826E+05
  0.124562E+03  0.000000E+00  0.156609E+05  0.000000E+00  0.626204E+06  0.000000E+00
  0.000000E+00  0.291613E+04  0.000000E+00  0.527825E+04  0.000000E+00 -0.116645E+06
  0.220768E+04  0.000000E+00  0.626216E+06  0.000000E+00  0.250444E+08  0.000000E+00
  0.000000E+00 -0.647825E+05  0.000000E+00 -0.117258E+06  0.000000E+00  0.259130E+07
 0.1256637E+02
  0.308959E+04  0.000000E+00  0.174977E+03  0.000000E+00  0.148685E+04  0.000000E+00
  0.000000E+00  0.327746E+04  0.000000E+00  0.584664E+04  0.000000E+00 -0.131098E+06
  0.171818E+03  0.000000E+00  0.189144E+05  0.000000E+00  0.756270E+06  0.000000E+00
  0.000000E+00  0.582340E+04  0.000000E+00  0.103884E+05  0.000000E+00 -0.232936E+06
  0.138408E+04  0.000000E+00  0.756264E+06  0.000000E+00  0.302481E+08  0.000000E+00
  0.000000E+00 -0.131098E+06  0.000000E+00 -0.233866E+06  0.000000E+00  0.524394E+07
 0.1142397E+02
  0.575621E+04  0.000000E+00  0.161081E+03  0.000000E+00 -0.365638E+04  0.000000E+00
  0.000000E+00  0.616602E+04  0.000000E+00  0.108182E+05  0.000000E+00 -0.246641E+06
  0.160019E+03  0.000000E+00  0.218990E+05  0.000000E+00  0.875682E+06  0.000000E+00
  0.000000E+00  0.107664E+05  0.000000E+00  0.188890E+05  0.000000E+00 -0.430657E+06
 -0.365108E+04  0.000000E+00  0.875682E+06  0.000000E+00  0.350338E+08  0.000000E+00
  0.000000E+00 -0.246641E+06  0.000000E+00 -0.432727E+06  0.000000E+00  0.986564E+07
 0.1047198E+02
  0.101718E+05  0.000000E+00 -0.246220E+02  0.000000E+00 -0.185033E+05  0.000000E+00
  0.000000E+00  0.109048E+05  0.000000E+00  0.187791E+05  0.000000E+00 -0.436191E+06
 -0.280432E+02  0.000000E+00  0.243952E+05  0.000000E+00  0.975857E+06  0.000000E+00
  0.000000E+00  0.186825E+05  0.000000E+00  0.321733E+05  0.000000E+00 -0.747299E+06
 -0.185505E+05  0.000000E+00  0.975852E+06  0.000000E+00  0.390660E+08  0.000000E+00
  0.000000E+00 -0.436191E+06  0.000000E+00 -0.751164E+06  0.000000E+00  0.174477E+08
 0.9666439E+01
  0.172977E+05  0.000000E+00 -0.506530E+03  0.000000E+00 -0.494443E+05  0.000000E+00
  0.000000E+00  0.182782E+05  0.000000E+00  0.308294E+05  0.000000E+00 -0.731129E+06
 -0.516839E+03  0.000000E+00  0.261110E+05  0.000000E+00  0.104531E+07  0.000000E+00
  0.000000E+00  0.307098E+05  0.000000E+00  0.517957E+05  0.000000E+00 -0.122839E+07
 -0.497417E+05  0.000000E+00  0.104529E+07  0.000000E+00  0.418955E+08  0.000000E+00
  0.000000E+00 -0.731129E+06  0.000000E+00 -0.123318E+07  0.000000E+00  0.292451E+08
 0.8975979E+01
  0.286747E+05  0.000000E+00 -0.130433E+04  0.000000E+00 -0.994286E+05  0.000000E+00
  0.000000E+00  0.292607E+05  0.000000E+00  0.482117E+05  0.000000E+00 -0.117043E+07
 -0.133053E+04  0.000000E+00  0.268826E+05  0.000000E+00  0.107749E+07  0.000000E+00
  0.000000E+00  0.479745E+05  0.000000E+00  0.790435E+05  0.000000E+00 -0.191898E+07
 -0.100244E+06  0.000000E+00  0.107744E+07  0.000000E+00  0.432626E+08  0.000000E+00
  0.000000E+00 -0.117043E+07  0.000000E+00 -0.192847E+07  0.000000E+00  0.468171E+08
 0.8377580E+01
  0.464322E+05  0.000000E+00 -0.214607E+04  0.000000E+00 -0.160401E+06  0.000000E+00
  0.000000E+00  0.449836E+05  0.000000E+00  0.722267E+05  0.000000E+00 -0.179934E+07
 -0.218486E+04  0.000000E+00  0.264338E+05  0.000000E+00  0.106086E+07  0.000000E+00
  0.000000E+00  0.718612E+05  0.000000E+00  0.115375E+06  0.000000E+00 -0.287445E+07
 -0.161575E+06  0.000000E+00  0.106078E+07  0.000000E+00  0.426902E+08  0.000000E+00
  0.000000E+00 -0.179934E+07  0.000000E+00 -0.288907E+07  0.000000E+00  0.719737E+08
 0.7853982E+01
  0.725887E+05  0.000000E+00 -0.233461E+04  0.000000E+00 -0.206687E+06  0.000000E+00
  0.000000E+00  0.666977E+05  0.000000E+00  0.104107E+06  0.000000E+00 -0.266791E+07
 -0.237472E+04  0.000000E+00  0.251384E+05  0.000000E+00  0.100923E+07  0.000000E+00
  0.000000E+00  0.103706E+06  0.000000E+00  0.161875E+06  0.000000E+00 -0.414826E+07
 -0.207856E+06  0.000000E+00  0.100916E+07  0.000000E+00  0.406903E+08  0.000000E+00
  0.000000E+00 -0.266791E+07  0.000000E+00 -0.416427E+07  0.000000E+00  0.106716E+09
 0.7391983E+01
  0.106951E+06  0.000000E+00 -0.101598E+04  0.000000E+00 -0.202315E+06  0.000000E+00
  0.000000E+00  0.956564E+05  0.000000E+00  0.144597E+06  0.000000E+00 -0.382626E+07
 -0.103478E+04  0.000000E+00  0.230116E+05  0.000000E+00  0.922018E+06  0.000000E+00
  0.000000E+00  0.143991E+06  0.000000E+00  0.217602E+06  0.000000E+00 -0.575962E+07
 -0.202383E+06  0.000000E+00  0.921983E+06  0.000000E+00  0.371848E+08  0.000000E+00
  0.000000E+00 -0.382626E+07  0.000000E+00 -0.578389E+07  0.000000E+00  0.153050E+09
 0.6981317E+01
  0.144994E+06  0.000000E+00  0.192552E+04  0.000000E+00 -0.134563E+06  0.000000E+00
  0.000000E+00  0.133119E+06  0.000000E+00  0.194269E+06  0.000000E+00 -0.532476E+07
  0.196000E+04  0.000000E+00  0.210027E+05  0.000000E+00  0.837235E+06  0.000000E+00
  0.000000E+00  0.193324E+06  0.000000E+00  0.282098E+06  0.000000E+00 -0.773295E+07
 -0.132147E+06  0.000000E+00  0.837300E+06  0.000000E+00  0.336843E+08  0.000000E+00
  0.000000E+00 -0.532476E+07  0.000000E+00 -0.777077E+07  0.000000E+00  0.212990E+09
 0.6613879E+01
  0.179880E+06  0.000000E+00  0.506235E+04  0.000000E+00 -0.500501E+05  0.000000E+00
  0.000000E+00  0.179682E+06  0.000000E+00  0.252308E+06  0.000000E+00 -0.718726E+07
  0.515544E+04  0.000000E+00  0.193813E+05  0.000000E+00  0.768004E+06  0.000000E+00
  0.000000E+00  0.251027E+06  0.000000E+00  0.352287E+06  0.000000E+00 -0.100411E+08
 -0.450452E+05  0.000000E+00  0.768172E+06  0.000000E+00  0.307895E+08  0.000000E+00
  0.000000E+00 -0.718726E+07  0.000000E+00 -0.100923E+08  0.000000E+00  0.287490E+09
 0.6283185E+01
  0.210636E+06  0.000000E+00  0.599290E+04  0.000000E+00 -0.438531E+05  0.000000E+00
  0.000000E+00  0.234463E+06  0.000000E+00  0.315697E+06  0.000000E+00 -0.937851E+07
  0.610892E+04  0.000000E+00  0.175381E+05  0.000000E+00  0.693295E+06  0.000000E+00
  0.000000E+00  0.314515E+06  0.000000E+00  0.423236E+06  0.000000E+00 -0.125806E+08
 -0.381435E+05  0.000000E+00  0.693481E+06  0.000000E+00  0.277901E+08  0.000000E+00
  0.000000E+00 -0.937851E+07  0.000000E+00 -0.126279E+08  0.000000E+00  0.375141E+09
 0.5983986E+01
  0.250017E+06  0.000000E+00  0.310052E+04  0.000000E+00 -0.197032E+06  0.000000E+00
  0.000000E+00  0.294725E+06  0.000000E+00  0.378536E+06  0.000000E+00 -0.117890E+08
  0.316050E+04  0.000000E+00  0.162161E+05  0.000000E+00  0.644585E+06  0.000000E+00
  0.000000E+00  0.377267E+06  0.000000E+00  0.484291E+06  0.000000E+00 -0.150907E+08
 -0.193558E+06  0.000000E+00  0.644677E+06  0.000000E+00  0.260353E+08  0.000000E+00
  0.000000E+00 -0.117890E+08  0.000000E+00 -0.151414E+08  0.000000E+00  0.471560E+09
 0.5711987E+01
  0.324325E+06  0.000000E+00 -0.295891E+04  0.000000E+00 -0.513614E+06  0.000000E+00
  0.000000E+00  0.357191E+06  0.000000E+00  0.435385E+06  0.000000E+00 -0.142876E+08
 -0.300983E+04  0.000000E+00  0.143815E+05  0.000000E+00  0.578931E+06  0.000000E+00
  0.000000E+00  0.433837E+06  0.000000E+00  0.527821E+06  0.000000E+00 -0.173535E+08
 -0.514248E+06  0.000000E+00  0.578857E+06  0.000000E+00  0.237802E+08  0.000000E+00
  0.000000E+00 -0.142876E+08  0.000000E+00 -0.174154E+08  0.000000E+00  0.571507E+09
 0.5463640E+01
  0.444974E+06  0.000000E+00 -0.770237E+04  0.000000E+00 -0.820262E+06  0.000000E+00
  0.000000E+00  0.418428E+06  0.000000E+00  0.481621E+06  0.000000E+00 -0.167371E+08
 -0.785868E+04  0.000000E+00  0.112590E+05  0.000000E+00  0.459416E+06  0.000000E+00
  0.000000E+00  0.480172E+06  0.000000E+00  0.551187E+06  0.000000E+00 -0.192069E+08
 -0.824987E+06  0.000000E+00  0.459210E+06  0.000000E+00  0.193169E+08  0.000000E+00
  0.000000E+00 -0.167371E+08  0.000000E+00 -0.192648E+08  0.000000E+00  0.669485E+09
 0.5235988E+01
  0.553749E+06  0.000000E+00 -0.574372E+04  0.000000E+00 -0.827934E+06  0.000000E+00
  0.000000E+00  0.475229E+06  0.000000E+00  0.513288E+06  0.000000E+00 -0.190092E+08
 -0.587084E+04  0.000000E+00  0.871171E+04  0.000000E+00  0.354821E+06  0.000000E+00
  0.000000E+00  0.511874E+06  0.000000E+00  0.551654E+06  0.000000E+00 -0.204750E+08
 -0.831360E+06  0.000000E+00  0.354664E+06  0.000000E+00  0.150838E+08  0.000000E+00
  0.000000E+00 -0.190092E+08  0.000000E+00 -0.205315E+08  0.000000E+00  0.760366E+09
 0.5026548E+01
  0.578639E+06  0.000000E+00  0.431164E+03  0.000000E+00 -0.564491E+06  0.000000E+00
  0.000000E+00  0.524385E+06  0.000000E+00  0.527115E+06  0.000000E+00 -0.209754E+08
  0.430884E+03  0.000000E+00  0.744444E+04  0.000000E+00  0.297346E+06  0.000000E+00
  0.000000E+00  0.525611E+06  0.000000E+00  0.525800E+06  0.000000E+00 -0.210245E+08
 -0.562802E+06  0.000000E+00  0.297345E+06  0.000000E+00  0.124572E+08  0.000000E+00
  0.000000E+00 -0.209754E+08  0.000000E+00 -0.210846E+08  0.000000E+00  0.839016E+09
 0.4833220E+01
  0.545504E+06  0.000000E+00  0.445546E+04  0.000000E+00 -0.328378E+06  0.000000E+00
  0.000000E+00  0.562426E+06  0.000000E+00  0.522239E+06  0.000000E+00 -0.224970E+08
  0.454069E+04  0.000000E+00  0.497556E+04  0.000000E+00  0.194804E+06  0.000000E+00
  0.000000E+00  0.520753E+06  0.000000E+00  0.478922E+06  0.000000E+00 -0.208301E+08
 -0.323492E+06  0.000000E+00  0.194894E+06  0.000000E+00  0.809149E+07  0.000000E+00
  0.000000E+00 -0.224970E+08  0.000000E+00 -0.208896E+08  0.000000E+00  0.899881E+09
 0.4654212E+01
  0.518160E+06  0.000000E+00  0.435497E+04  0.000000E+00 -0.266277E+06  0.000000E+00
  0.000000E+00  0.587381E+06  0.000000E+00  0.499440E+06  0.000000E+00 -0.234952E+08
  0.447512E+04  0.000000E+00  0.368371E+04  0.000000E+00  0.143534E+06  0.000000E+00
  0.000000E+00  0.497973E+06  0.000000E+00  0.418006E+06  0.000000E+00 -0.199190E+08
 -0.260180E+06  0.000000E+00  0.143651E+06  0.000000E+00  0.596137E+07  0.000000E+00
  0.000000E+00 -0.234952E+08  0.000000E+00 -0.199776E+08  0.000000E+00  0.939809E+09
 0.4487990E+01
  0.532787E+06  0.000000E+00  0.167538E+04  0.000000E+00 -0.342454E+06  0.000000E+00
  0.000000E+00  0.599208E+06  0.000000E+00  0.460622E+06  0.000000E+00 -0.239684E+08
  0.173846E+04  0.000000E+00  0.329097E+04  0.000000E+00  0.130303E+06  0.000000E+00
  0.000000E+00  0.459286E+06  0.000000E+00  0.347017E+06  0.000000E+00 -0.183714E+08
 -0.338842E+06  0.000000E+00  0.130358E+06  0.000000E+00  0.546871E+07  0.000000E+00
  0.000000E+00 -0.239683E+08  0.000000E+00 -0.184249E+08  0.000000E+00  0.958734E+09
 0.4333231E+01
  0.588136E+06  0.000000E+00 -0.147805E+04  0.000000E+00 -0.461359E+06  0.000000E+00
  0.000000E+00  0.600533E+06  0.000000E+00  0.410631E+06  0.000000E+00 -0.240213E+08
 -0.147497E+04  0.000000E+00  0.309722E+04  0.000000E+00  0.124908E+06  0.000000E+00
  0.000000E+00  0.409519E+06  0.000000E+00  0.268871E+06  0.000000E+00 -0.163807E+08
 -0.460218E+06  0.000000E+00  0.124903E+06  0.000000E+00  0.530011E+07  0.000000E+00
  0.000000E+00 -0.240213E+08  0.000000E+00 -0.164252E+08  0.000000E+00  0.960852E+09
 0.4188790E+01
  0.650628E+06  0.000000E+00 -0.314595E+04  0.000000E+00 -0.515172E+06  0.000000E+00
  0.000000E+00  0.593122E+06  0.000000E+00  0.354644E+06  0.000000E+00 -0.237249E+08
 -0.323774E+04  0.000000E+00  0.181986E+04  0.000000E+00  0.747479E+05  0.000000E+00
  0.000000E+00  0.353409E+06  0.000000E+00  0.196470E+06  0.000000E+00 -0.141363E+08
 -0.517488E+06  0.000000E+00  0.746817E+05  0.000000E+00  0.328273E+07  0.000000E+00
  0.000000E+00 -0.237249E+08  0.000000E+00 -0.141858E+08  0.000000E+00  0.948995E+09
 0.4053668E+01
  0.663443E+06  0.000000E+00 -0.219205E+04  0.000000E+00 -0.428427E+06  0.000000E+00
  0.000000E+00  0.579315E+06  0.000000E+00  0.297017E+06  0.000000E+00 -0.231726E+08
 -0.231549E+04  0.000000E+00  0.113709E+04  0.000000E+00  0.466873E+05  0.000000E+00
  0.000000E+00  0.295712E+06  0.000000E+00  0.134062E+06  0.000000E+00 -0.118285E+08
 -0.431694E+06  0.000000E+00  0.466076E+05  0.000000E+00  0.206906E+07  0.000000E+00
  0.000000E+00 -0.231726E+08  0.000000E+00 -0.118807E+08  0.000000E+00  0.926905E+09
 0.3926991E+01
  0.580649E+06  0.000000E+00  0.586917E+03  0.000000E+00 -0.223106E+06  0.000000E+00
  0.000000E+00  0.559453E+06  0.000000E+00  0.237444E+06  0.000000E+00 -0.223781E+08
  0.608097E+03  0.000000E+00  0.917304E+03  0.000000E+00  0.364266E+05  0.000000E+00
  0.000000E+00  0.236292E+06  0.000000E+00  0.814992E+05  0.000000E+00 -0.945167E+07
 -0.220908E+06  0.000000E+00  0.364341E+05  0.000000E+00  0.153210E+07  0.000000E+00
  0.000000E+00 -0.223781E+08  0.000000E+00 -0.949775E+07  0.000000E+00  0.895125E+09
 0.3807991E+01
  0.466681E+06  0.000000E+00  0.226843E+04  0.000000E+00 -0.638524E+05  0.000000E+00
  0.000000E+00  0.535542E+06  0.000000E+00  0.178396E+06  0.000000E+00 -0.214216E+08
  0.240819E+04  0.000000E+00  0.992646E+03  0.000000E+00  0.388670E+05  0.000000E+00
  0.000000E+00  0.177559E+06  0.000000E+00  0.396233E+05  0.000000E+00 -0.710236E+07
 -0.577104E+05  0.000000E+00  0.389383E+05  0.000000E+00  0.155545E+07  0.000000E+00
  0.000000E+00 -0.214216E+08  0.000000E+00 -0.713586E+07  0.000000E+00  0.856866E+09
 0.3695992E+01
  0.424060E+06  0.000000E+00  0.147649E+04  0.000000E+00 -0.430304E+05  0.000000E+00
  0.000000E+00  0.509862E+06  0.000000E+00  0.124218E+06  0.000000E+00 -0.203945E+08
  0.160053E+04  0.000000E+00  0.635538E+03  0.000000E+00  0.250023E+05  0.000000E+00
  0.000000E+00  0.123261E+06  0.000000E+00 -0.153533E+03  0.000000E+00 -0.493043E+07
 -0.373889E+05  0.000000E+00  0.250503E+05  0.000000E+00  0.979453E+06  0.000000E+00
  0.000000E+00 -0.203945E+08  0.000000E+00 -0.496872E+07  0.000000E+00  0.815779E+09
 0.3590392E+01
  0.480920E+06  0.000000E+00 -0.621738E+03  0.000000E+00 -0.991248E+05  0.000000E+00
  0.000000E+00  0.483237E+06  0.000000E+00  0.746763E+05  0.000000E+00 -0.193295E+08
 -0.639554E+03  0.000000E+00  0.536071E+03  0.000000E+00  0.215488E+05  0.000000E+00
  0.000000E+00  0.733815E+05  0.000000E+00 -0.238726E+05  0.000000E+00 -0.293525E+07
 -0.985773E+05  0.000000E+00  0.215517E+05  0.000000E+00  0.842359E+06  0.000000E+00
  0.000000E+00 -0.193295E+08  0.000000E+00 -0.298705E+07  0.000000E+00  0.773179E+09
 0.3490659E+01
  0.560330E+06  0.000000E+00 -0.161630E+04  0.000000E+00 -0.103886E+06  0.000000E+00
  0.000000E+00  0.457079E+06  0.000000E+00  0.302517E+05  0.000000E+00 -0.182831E+08
 -0.190730E+04  0.000000E+00  0.568918E+03  0.000000E+00  0.229216E+05  0.000000E+00
  0.000000E+00  0.288479E+05  0.000000E+00 -0.360441E+05  0.000000E+00 -0.115392E+07
 -0.113602E+06  0.000000E+00  0.228932E+05  0.000000E+00  0.887022E+06  0.000000E+00
  0.000000E+00 -0.182832E+08  0.000000E+00 -0.121007E+07  0.000000E+00  0.731325E+09
 0.3396317E+01
  0.473745E+06  0.000000E+00 -0.183109E+03  0.000000E+00  0.260298E+04  0.000000E+00
  0.000000E+00  0.430483E+06  0.000000E+00 -0.992307E+04  0.000000E+00 -0.172193E+08
 -0.235830E+03  0.000000E+00  0.607305E+03  0.000000E+00  0.242971E+05  0.000000E+00
  0.000000E+00 -0.111977E+05  0.000000E+00 -0.377921E+05  0.000000E+00  0.447911E+06
  0.202212E+04  0.000000E+00  0.242912E+05  0.000000E+00  0.934065E+06  0.000000E+00
  0.000000E+00 -0.172193E+08  0.000000E+00  0.396923E+06  0.000000E+00  0.688774E+09
 0.3306940E+01
  0.347507E+06  0.000000E+00  0.717545E+03  0.000000E+00  0.692826E+05  0.000000E+00
  0.000000E+00  0.403933E+06  0.000000E+00 -0.454256E+05  0.000000E+00 -0.161574E+08
  0.922443E+03  0.000000E+00  0.471702E+03  0.000000E+00  0.189648E+05  0.000000E+00
  0.000000E+00 -0.464910E+05  0.000000E+00 -0.279746E+05  0.000000E+00  0.185964E+07
  0.780568E+05  0.000000E+00  0.189292E+05  0.000000E+00  0.732616E+06  0.000000E+00
  0.000000E+00 -0.161573E+08  0.000000E+00  0.181702E+07  0.000000E+00  0.646294E+09
 0.3222147E+01
  0.318391E+06  0.000000E+00  0.421083E+03  0.000000E+00  0.794678E+05  0.000000E+00
  0.000000E+00  0.379679E+06  0.000000E+00 -0.734109E+05  0.000000E+00 -0.151871E+08
  0.608437E+03  0.000000E+00  0.274940E+03  0.000000E+00  0.111179E+05  0.000000E+00
  0.000000E+00 -0.748159E+05  0.000000E+00 -0.228951E+05  0.000000E+00  0.299263E+07
  0.883078E+05  0.000000E+00  0.110677E+05  0.000000E+00  0.422711E+06  0.000000E+00
  0.000000E+00 -0.151871E+08  0.000000E+00  0.293644E+07  0.000000E+00  0.607485E+09
 0.3141593E+01
  0.355981E+06  0.000000E+00 -0.153633E+03  0.000000E+00  0.945721E+05  0.000000E+00
  0.000000E+00  0.355911E+06  0.000000E+00 -0.100783E+06  0.000000E+00 -0.142365E+08
 -0.192815E+03  0.000000E+00  0.382014E+03  0.000000E+00  0.152352E+05  0.000000E+00
  0.000000E+00 -0.101653E+06  0.000000E+00 -0.919261E+04  0.000000E+00  0.406612E+07
  0.940866E+05  0.000000E+00  0.152374E+05  0.000000E+00  0.598506E+06  0.000000E+00
  0.000000E+00 -0.142365E+08  0.000000E+00  0.403131E+07  0.000000E+00  0.569458E+09
 0.1256637E+03
  0.217966E-03  0.000000E+00  0.962675E-03  0.000000E+00  0.282666E-03  0.000000E+00
  0.000000E+00  0.233018E-03  0.000000E+00 -0.304660E-03  0.000000E+00  0.254529E-05
  0.614108E-03  0.000000E+00  0.494547E+02  0.000000E+00  0.599158E-03  0.000000E+00
  0.000000E+00  0.444052E-03  0.000000E+00 -0.585644E-03  0.000000E+00  0.315123E-05
  0.241699E-01  0.000000E+00  0.197819E+04  0.000000E+00  0.234410E-01  0.000000E+00
  0.000000E+00 -0.932033E-02  0.000000E+00  0.121863E-01  0.000000E+00 -0.101006E-03
 0.6283186E+02
  0.293301E-01  0.000000E+00 -0.745840E-01  0.000000E+00  0.380433E-01  0.000000E+00
  0.000000E+00  0.298012E-01  0.000000E+00 -0.387283E-01  0.000000E+00  0.152130E-04
  0.477033E-01  0.000000E+00  0.388432E+03  0.000000E+00  0.628394E-01  0.000000E+00
  0.000000E+00  0.568856E-01  0.000000E+00 -0.739369E-01  0.000000E+00  0.558222E-04
  0.185215E+01  0.000000E+00  0.155374E+05  0.000000E+00  0.244116E+01  0.000000E+00
  0.000000E+00 -0.119205E+01  0.000000E+00  0.154912E+01  0.000000E+00 -0.623457E-03
 0.4188790E+02
  0.496858E+00  0.000000E+00 -0.190933E+01  0.000000E+00  0.644467E+00  0.000000E+00
  0.000000E+00  0.506571E+00  0.000000E+00 -0.656887E+00  0.000000E+00  0.646036E-04
  0.973039E+00  0.000000E+00  0.126966E+04  0.000000E+00  0.125883E+01  0.000000E+00
  0.000000E+00  0.961824E+00  0.000000E+00 -0.124691E+01  0.000000E+00  0.208959E-03
  0.379782E+02  0.000000E+00  0.507901E+05  0.000000E+00  0.491294E+02  0.000000E+00
  0.000000E+00 -0.202628E+02  0.000000E+00  0.262755E+02  0.000000E+00 -0.253845E-02
 0.3141593E+02
  0.366046E+01  0.000000E+00 -0.152636E+02  0.000000E+00  0.472786E+01  0.000000E+00
  0.000000E+00  0.375087E+01  0.000000E+00 -0.484619E+01  0.000000E+00 -0.437501E-05
  0.733870E+01  0.000000E+00  0.287036E+04  0.000000E+00  0.953786E+01  0.000000E+00
  0.000000E+00  0.709115E+01  0.000000E+00 -0.916146E+01  0.000000E+00 -0.559839E-04
  0.286629E+03  0.000000E+00  0.114843E+06  0.000000E+00  0.372575E+03  0.000000E+00
  0.000000E+00 -0.150035E+03  0.000000E+00  0.193847E+03  0.000000E+00  0.203876E-03
 0.2513274E+02
  0.169366E+02  0.000000E+00 -0.736099E+02  0.000000E+00  0.217492E+02  0.000000E+00
  0.000000E+00  0.175919E+02  0.000000E+00 -0.226241E+02  0.000000E+00 -0.267430E-02
  0.347080E+02  0.000000E+00  0.525363E+04  0.000000E+00  0.447978E+02  0.000000E+00
  0.000000E+00  0.330429E+02  0.000000E+00 -0.424946E+02  0.000000E+00 -0.211496E-02
  0.135651E+04  0.000000E+00  0.210284E+06  0.000000E+00  0.175105E+04  0.000000E+00
  0.000000E+00 -0.703676E+03  0.000000E+00  0.904964E+03  0.000000E+00  0.107071E+00
 0.2094395E+02
  0.580091E+02  0.000000E+00 -0.258730E+03  0.000000E+00  0.741934E+02  0.000000E+00
  0.000000E+00  0.616747E+02  0.000000E+00 -0.788696E+02  0.000000E+00 -0.138743E-01
  0.120779E+03  0.000000E+00  0.833633E+04  0.000000E+00  0.154449E+03  0.000000E+00
  0.000000E+00  0.114821E+03  0.000000E+00 -0.146832E+03  0.000000E+00 -0.374827E-01
  0.472311E+04  0.000000E+00  0.333934E+06  0.000000E+00  0.603984E+04  0.000000E+00
  0.000000E+00 -0.246699E+04  0.000000E+00  0.315478E+04  0.000000E+00  0.552392E+00
 0.1795196E+02
  0.163095E+03  0.000000E+00 -0.721553E+03  0.000000E+00  0.207458E+03  0.000000E+00
  0.000000E+00  0.175911E+03  0.000000E+00 -0.223430E+03  0.000000E+00  0.888379E-01
  0.335169E+03  0.000000E+00  0.118750E+05  0.000000E+00  0.424704E+03  0.000000E+00
  0.000000E+00  0.324438E+03  0.000000E+00 -0.412081E+03  0.000000E+00  0.180711E+00
  0.131060E+05  0.000000E+00  0.476335E+06  0.000000E+00  0.166054E+05  0.000000E+00
  0.000000E+00 -0.703642E+04  0.000000E+00  0.893719E+04  0.000000E+00 -0.354677E+01
 0.1570796E+02
  0.363931E+03  0.000000E+00 -0.171930E+04  0.000000E+00  0.453486E+03  0.000000E+00
  0.000000E+00  0.429213E+03  0.000000E+00 -0.541269E+03  0.000000E+00 -0.522874E+00
  0.784176E+03  0.000000E+00  0.154690E+05  0.000000E+00  0.989912E+03  0.000000E+00
  0.000000E+00  0.783666E+03  0.000000E+00 -0.988259E+03  0.000000E+00 -0.743937E+00
  0.307023E+05  0.000000E+00  0.621900E+06  0.000000E+00  0.387665E+05  0.000000E+00
  0.000000E+00 -0.171685E+05  0.000000E+00  0.216507E+05  0.000000E+00  0.209412E+02
 0.1396263E+02
  0.771159E+03  0.000000E+00 -0.361398E+04  0.000000E+00  0.980180E+03  0.000000E+00
  0.000000E+00  0.932402E+03  0.000000E+00 -0.116564E+04  0.000000E+00  0.224524E+01
  0.163985E+04  0.000000E+00  0.186236E+05  0.000000E+00  0.204693E+04  0.000000E+00
  0.000000E+00  0.167894E+04  0.000000E+00 -0.209894E+04  0.000000E+00  0.436136E+01
  0.642088E+05  0.000000E+00  0.751452E+06  0.000000E+00  0.801123E+05  0.000000E+00
  0.000000E+00 -0.372961E+05  0.000000E+00  0.466258E+05  0.000000E+00 -0.896517E+02
 0.1256637E+02
  0.124769E+04  0.000000E+00 -0.679567E+04  0.000000E+00  0.150251E+04  0.000000E+00
  0.000000E+00  0.182015E+04  0.000000E+00 -0.225573E+04  0.000000E+00 -0.516081E+01
  0.303934E+04  0.000000E+00  0.207631E+05  0.000000E+00  0.376720E+04  0.000000E+00
  0.000000E+00  0.323391E+04  0.000000E+00 -0.400774E+04  0.000000E+00 -0.683931E+01
  0.119357E+06  0.000000E+00  0.842595E+06  0.000000E+00  0.148003E+06  0.000000E+00
  0.000000E+00 -0.728059E+05  0.000000E+00  0.902291E+05  0.000000E+00  0.206204E+03
 0.1142397E+02
  0.181938E+04  0.000000E+00 -0.116806E+05  0.000000E+00  0.226316E+04  0.000000E+00
  0.000000E+00  0.326027E+04  0.000000E+00 -0.399980E+04  0.000000E+00  0.266949E+01
  0.514717E+04  0.000000E+00  0.214332E+05  0.000000E+00  0.632159E+04  0.000000E+00
  0.000000E+00  0.569237E+04  0.000000E+00 -0.698357E+04  0.000000E+00  0.281380E+01
  0.202708E+06  0.000000E+00  0.877722E+06  0.000000E+00  0.248927E+06  0.000000E+00
  0.000000E+00 -0.130411E+06  0.000000E+00  0.159992E+06  0.000000E+00 -0.108451E+03
 0.1047198E+02
  0.191906E+04  0.000000E+00 -0.183859E+05  0.000000E+00  0.238431E+04  0.000000E+00
  0.000000E+00  0.535658E+04  0.000000E+00 -0.650757E+04  0.000000E+00  0.118715E+02
  0.797712E+04  0.000000E+00  0.203011E+05  0.000000E+00  0.968800E+04  0.000000E+00
  0.000000E+00  0.917766E+04  0.000000E+00 -0.111490E+05  0.000000E+00  0.127169E+02
  0.315782E+06  0.000000E+00  0.843550E+06  0.000000E+00  0.383459E+06  0.000000E+00
  0.000000E+00 -0.214263E+06  0.000000E+00  0.260303E+06  0.000000E+00 -0.471604E+03
 0.9666439E+01
  0.685867E+03  0.000000E+00 -0.267344E+05  0.000000E+00  0.843209E+03  0.000000E+00
  0.000000E+00  0.810735E+04  0.000000E+00 -0.973984E+04  0.000000E+00  0.572952E+01
  0.113959E+05  0.000000E+00  0.172682E+05  0.000000E+00  0.136790E+05  0.000000E+00
  0.000000E+00  0.136202E+05  0.000000E+00 -0.163631E+05  0.000000E+00  0.182618E+02
  0.454711E+06  0.000000E+00  0.735654E+06  0.000000E+00  0.545723E+06  0.000000E+00
  0.000000E+00 -0.324294E+06  0.000000E+00  0.389595E+06  0.000000E+00 -0.229117E+03
 0.8975979E+01
 -0.358501E+04  0.000000E+00 -0.359533E+05  0.000000E+00 -0.417867E+04  0.000000E+00
  0.000000E+00  0.112603E+05  0.000000E+00 -0.133842E+05  0.000000E+00  0.211796E+02
  0.149761E+05  0.000000E+00  0.125554E+05  0.000000E+00  0.177802E+05  0.000000E+00
  0.000000E+00  0.184628E+05  0.000000E+00 -0.219436E+05  0.000000E+00  0.487714E+02
  0.604985E+06  0.000000E+00  0.561173E+06  0.000000E+00  0.718057E+06  0.000000E+00
  0.000000E+00 -0.450412E+06  0.000000E+00  0.535371E+06  0.000000E+00 -0.844040E+03
 0.8377580E+01
 -0.129224E+05  0.000000E+00 -0.442206E+05  0.000000E+00 -0.151665E+05  0.000000E+00
  0.000000E+00  0.141442E+05  0.000000E+00 -0.166347E+05  0.000000E+00  0.110367E+02
  0.179875E+05  0.000000E+00  0.654748E+04  0.000000E+00  0.210796E+05  0.000000E+00
  0.000000E+00  0.225963E+05  0.000000E+00 -0.265762E+05  0.000000E+00  0.160728E+02
  0.740149E+06  0.000000E+00  0.332568E+06  0.000000E+00  0.867417E+06  0.000000E+00
  0.000000E+00 -0.565767E+06  0.000000E+00  0.665388E+06  0.000000E+00 -0.440020E+03
 0.7853982E+01
 -0.295367E+05  0.000000E+00 -0.489163E+05  0.000000E+00 -0.342996E+05  0.000000E+00
  0.000000E+00  0.156140E+05  0.000000E+00 -0.181885E+05  0.000000E+00  0.273521E+02
  0.192852E+05  0.000000E+00  0.197025E+02  0.000000E+00  0.223626E+05  0.000000E+00
  0.000000E+00  0.242753E+05  0.000000E+00 -0.282713E+05  0.000000E+00  0.484551E+02
  0.817319E+06  0.000000E+00  0.768317E+05  0.000000E+00  0.947809E+06  0.000000E+00
  0.000000E+00 -0.624560E+06  0.000000E+00  0.727540E+06  0.000000E+00 -0.109969E+04
 0.7391983E+01
 -0.537674E+05  0.000000E+00 -0.467203E+05  0.000000E+00 -0.614907E+05  0.000000E+00
  0.000000E+00  0.141689E+05  0.000000E+00 -0.163799E+05  0.000000E+00  0.799876E+02
  0.178142E+05  0.000000E+00 -0.605993E+04  0.000000E+00  0.203231E+05  0.000000E+00
  0.000000E+00  0.213295E+05  0.000000E+00 -0.246616E+05  0.000000E+00  0.123197E+03
  0.793519E+06  0.000000E+00 -0.172027E+06  0.000000E+00  0.905492E+06  0.000000E+00
  0.000000E+00 -0.566759E+06  0.000000E+00  0.655198E+06  0.000000E+00 -0.318948E+04
 0.6981317E+01
 -0.810210E+05  0.000000E+00 -0.355161E+05  0.000000E+00 -0.916210E+05  0.000000E+00
  0.000000E+00  0.828601E+04  0.000000E+00 -0.966821E+04  0.000000E+00  0.173348E+03
  0.129002E+05  0.000000E+00 -0.106542E+05  0.000000E+00  0.145084E+05  0.000000E+00
  0.000000E+00  0.120327E+05  0.000000E+00 -0.140342E+05  0.000000E+00  0.250707E+03
  0.633691E+06  0.000000E+00 -0.374589E+06  0.000000E+00  0.713372E+06  0.000000E+00
  0.000000E+00 -0.331441E+06  0.000000E+00  0.386729E+06  0.000000E+00 -0.693462E+04
 0.6613879E+01
 -0.102121E+06  0.000000E+00 -0.157787E+05  0.000000E+00 -0.114279E+06  0.000000E+00
  0.000000E+00 -0.266495E+04  0.000000E+00  0.248929E+04  0.000000E+00  0.333625E+03
  0.511366E+04  0.000000E+00 -0.131626E+05  0.000000E+00  0.560641E+04  0.000000E+00
  0.000000E+00 -0.373004E+04  0.000000E+00  0.348455E+04  0.000000E+00  0.468190E+03
  0.347205E+06  0.000000E+00 -0.504429E+06  0.000000E+00  0.383921E+06  0.000000E+00
  0.000000E+00  0.106598E+06  0.000000E+00 -0.995709E+05  0.000000E+00 -0.133497E+05
 0.6283185E+01
 -0.105947E+06  0.000000E+00  0.977233E+04  0.000000E+00 -0.116993E+06  0.000000E+00
  0.000000E+00 -0.173667E+05  0.000000E+00  0.184676E+05  0.000000E+00  0.644728E+03
 -0.423949E+04  0.000000E+00 -0.135511E+05  0.000000E+00 -0.482184E+04  0.000000E+00
  0.000000E+00 -0.233095E+05  0.000000E+00  0.247863E+05  0.000000E+00  0.870004E+03
 -0.274919E+05  0.000000E+00 -0.555107E+06  0.000000E+00 -0.359781E+05  0.000000E+00
  0.000000E+00  0.694667E+06  0.000000E+00 -0.738703E+06  0.000000E+00 -0.257969E+05
 0.5983986E+01
 -0.798489E+05  0.000000E+00  0.386148E+05  0.000000E+00 -0.867848E+05  0.000000E+00
  0.000000E+00 -0.319854E+05  0.000000E+00  0.340001E+05  0.000000E+00  0.113593E+04
 -0.139360E+05  0.000000E+00 -0.127557E+05  0.000000E+00 -0.154404E+05  0.000000E+00
  0.000000E+00 -0.409729E+05  0.000000E+00  0.435304E+05  0.000000E+00  0.145680E+04
 -0.455214E+06  0.000000E+00 -0.559492E+06  0.000000E+00 -0.506658E+06  0.000000E+00
  0.000000E+00  0.127942E+07  0.000000E+00 -0.136001E+07  0.000000E+00 -0.454144E+05
 0.5711987E+01
 -0.779556E+04  0.000000E+00  0.674179E+05  0.000000E+00 -0.743198E+04  0.000000E+00
  0.000000E+00 -0.408486E+05  0.000000E+00  0.431203E+05  0.000000E+00  0.181245E+04
 -0.227208E+05  0.000000E+00 -0.106577E+05  0.000000E+00 -0.247950E+05  0.000000E+00
  0.000000E+00 -0.496639E+05  0.000000E+00  0.524350E+05  0.000000E+00  0.220475E+04
 -0.899424E+06  0.000000E+00 -0.508087E+06  0.000000E+00 -0.982807E+06  0.000000E+00
  0.000000E+00  0.163395E+07  0.000000E+00 -0.172482E+07  0.000000E+00 -0.724791E+05
 0.5463640E+01
  0.112258E+06  0.000000E+00  0.856757E+05  0.000000E+00  0.121855E+06  0.000000E+00
  0.000000E+00 -0.387887E+05  0.000000E+00  0.405986E+05  0.000000E+00  0.257644E+04
 -0.273739E+05  0.000000E+00 -0.701467E+04  0.000000E+00 -0.292873E+05  0.000000E+00
  0.000000E+00 -0.445698E+05  0.000000E+00  0.466411E+05  0.000000E+00  0.296438E+04
 -0.122396E+07  0.000000E+00 -0.378740E+06  0.000000E+00 -0.131152E+07  0.000000E+00
  0.000000E+00  0.155155E+07  0.000000E+00 -0.162395E+07  0.000000E+00 -0.103054E+06
 0.5235988E+01
  0.225831E+06  0.000000E+00  0.795656E+05  0.000000E+00  0.241543E+06  0.000000E+00
  0.000000E+00 -0.243149E+05  0.000000E+00  0.253895E+05  0.000000E+00  0.302635E+04
 -0.238169E+05  0.000000E+00 -0.276399E+04  0.000000E+00 -0.253229E+05  0.000000E+00
  0.000000E+00 -0.262501E+05  0.000000E+00  0.273319E+05  0.000000E+00  0.326573E+04
 -0.119632E+07  0.000000E+00 -0.195701E+06  0.000000E+00 -0.127326E+07  0.000000E+00
  0.000000E+00  0.972598E+06  0.000000E+00 -0.101559E+07  0.000000E+00 -0.121062E+06
 0.5026548E+01
  0.261414E+06  0.000000E+00  0.520357E+05  0.000000E+00  0.277082E+06  0.000000E+00
  0.000000E+00 -0.116146E+04  0.000000E+00  0.175043E+04  0.000000E+00  0.284145E+04
 -0.144540E+05  0.000000E+00  0.716818E+03  0.000000E+00 -0.154468E+05  0.000000E+00
  0.000000E+00 -0.119655E+04  0.000000E+00  0.171043E+04  0.000000E+00  0.284851E+04
 -0.840874E+06  0.000000E+00 -0.228217E+05  0.000000E+00 -0.895592E+06  0.000000E+00
  0.000000E+00  0.464568E+05  0.000000E+00 -0.700117E+05  0.000000E+00 -0.113643E+06
 0.4833220E+01
  0.220344E+06  0.000000E+00  0.198854E+05  0.000000E+00  0.231192E+06  0.000000E+00
  0.000000E+00  0.224854E+05  0.000000E+00 -0.218443E+05  0.000000E+00  0.137790E+04
 -0.478886E+04  0.000000E+00  0.220842E+04  0.000000E+00 -0.491188E+04  0.000000E+00
  0.000000E+00  0.208330E+05  0.000000E+00 -0.202314E+05  0.000000E+00  0.127104E+04
 -0.396153E+06  0.000000E+00  0.699732E+05  0.000000E+00 -0.411496E+06  0.000000E+00
  0.000000E+00 -0.899415E+06  0.000000E+00  0.873770E+06  0.000000E+00 -0.551441E+05
 0.4654212E+01
  0.127530E+06  0.000000E+00 -0.994321E+04  0.000000E+00  0.132273E+06  0.000000E+00
  0.000000E+00  0.378983E+05  0.000000E+00 -0.367808E+05  0.000000E+00 -0.145361E+04
  0.321021E+04  0.000000E+00  0.290540E+04  0.000000E+00  0.335003E+04  0.000000E+00
  0.000000E+00  0.322080E+05  0.000000E+00 -0.312406E+05  0.000000E+00 -0.123154E+04
  0.197641E+05  0.000000E+00  0.124439E+06  0.000000E+00  0.217299E+05  0.000000E+00
  0.000000E+00 -0.151594E+07  0.000000E+00  0.147124E+07  0.000000E+00  0.581671E+05
 0.4487990E+01
 -0.727819E+04  0.000000E+00 -0.362464E+05  0.000000E+00 -0.931369E+04  0.000000E+00
  0.000000E+00  0.398249E+05  0.000000E+00 -0.383021E+05  0.000000E+00 -0.553813E+04
  0.918269E+04  0.000000E+00  0.323784E+04  0.000000E+00  0.972927E+04  0.000000E+00
  0.000000E+00  0.306488E+05  0.000000E+00 -0.293226E+05  0.000000E+00 -0.425312E+04
  0.372897E+06  0.000000E+00  0.156142E+06  0.000000E+00  0.397172E+06  0.000000E+00
  0.000000E+00 -0.159300E+07  0.000000E+00  0.153208E+07  0.000000E+00  0.221482E+06
 0.4333231E+01
 -0.157597E+06  0.000000E+00 -0.537013E+05  0.000000E+00 -0.166152E+06  0.000000E+00
  0.000000E+00  0.286072E+05  0.000000E+00 -0.272339E+05  0.000000E+00 -0.969801E+04
  0.122605E+05  0.000000E+00  0.284486E+04  0.000000E+00  0.131542E+05  0.000000E+00
  0.000000E+00  0.196111E+05  0.000000E+00 -0.185304E+05  0.000000E+00 -0.664149E+04
  0.598752E+06  0.000000E+00  0.148793E+06  0.000000E+00  0.640295E+06  0.000000E+00
  0.000000E+00 -0.114429E+07  0.000000E+00  0.108936E+07  0.000000E+00  0.387953E+06
 0.4188790E+01
 -0.260945E+06  0.000000E+00 -0.539171E+05  0.000000E+00 -0.273270E+06  0.000000E+00
  0.000000E+00  0.936012E+04  0.000000E+00 -0.886636E+04  0.000000E+00 -0.120337E+05
  0.113609E+05  0.000000E+00  0.185610E+04  0.000000E+00  0.117051E+05  0.000000E+00
  0.000000E+00  0.558936E+04  0.000000E+00 -0.535325E+04  0.000000E+00 -0.725490E+04
  0.611318E+06  0.000000E+00  0.105885E+06  0.000000E+00  0.632794E+06  0.000000E+00
  0.000000E+00 -0.374417E+06  0.000000E+00  0.354662E+06  0.000000E+00  0.481400E+06
 0.4053668E+01
 -0.258603E+06  0.000000E+00 -0.362573E+05  0.000000E+00 -0.269870E+06  0.000000E+00
  0.000000E+00 -0.103225E+05  0.000000E+00  0.943481E+04  0.000000E+00 -0.107831E+05
  0.697592E+04  0.000000E+00  0.754569E+03  0.000000E+00  0.717979E+04  0.000000E+00
  0.000000E+00 -0.539968E+04  0.000000E+00  0.499404E+04  0.000000E+00 -0.559912E+04
  0.412806E+06  0.000000E+00  0.482045E+05  0.000000E+00  0.425437E+06  0.000000E+00
  0.000000E+00  0.412922E+06  0.000000E+00 -0.377421E+06  0.000000E+00  0.431246E+06
 0.3926991E+01
 -0.159689E+06  0.000000E+00 -0.114363E+05  0.000000E+00 -0.165049E+06  0.000000E+00
  0.000000E+00 -0.236234E+05  0.000000E+00  0.214339E+05  0.000000E+00 -0.458242E+04
  0.196131E+04  0.000000E+00 -0.152789E+03  0.000000E+00  0.198206E+04  0.000000E+00
  0.000000E+00 -0.102588E+05  0.000000E+00  0.927385E+04  0.000000E+00 -0.195622E+04
  0.147002E+06  0.000000E+00 -0.620419E+03  0.000000E+00  0.147150E+06  0.000000E+00
  0.000000E+00  0.944931E+06  0.000000E+00 -0.857353E+06  0.000000E+00  0.183437E+06
 0.3807991E+01
 -0.408661E+05  0.000000E+00  0.736379E+04  0.000000E+00 -0.398297E+05  0.000000E+00
  0.000000E+00 -0.265466E+05  0.000000E+00  0.238141E+05  0.000000E+00  0.575348E+04
 -0.127589E+04  0.000000E+00 -0.593694E+03  0.000000E+00 -0.167399E+04  0.000000E+00
  0.000000E+00 -0.917848E+04  0.000000E+00  0.787420E+04  0.000000E+00  0.197236E+04
 -0.376532E+05  0.000000E+00 -0.231219E+05  0.000000E+00 -0.576045E+05  0.000000E+00
  0.000000E+00  0.106188E+07  0.000000E+00 -0.952593E+06  0.000000E+00 -0.230142E+06
 0.3695992E+01
  0.559430E+05  0.000000E+00  0.181809E+05  0.000000E+00  0.629321E+05  0.000000E+00
  0.000000E+00 -0.192748E+05  0.000000E+00  0.171361E+05  0.000000E+00  0.171193E+05
 -0.290688E+04  0.000000E+00 -0.557259E+03  0.000000E+00 -0.314091E+04  0.000000E+00
  0.000000E+00 -0.490877E+04  0.000000E+00  0.434692E+04  0.000000E+00  0.438188E+04
 -0.131073E+06  0.000000E+00 -0.245472E+05  0.000000E+00 -0.142052E+06  0.000000E+00
  0.000000E+00  0.770993E+06  0.000000E+00 -0.685448E+06  0.000000E+00 -0.684766E+06
 0.3590392E+01
  0.139608E+06  0.000000E+00  0.245621E+05  0.000000E+00  0.152534E+06  0.000000E+00
  0.000000E+00 -0.580275E+04  0.000000E+00  0.518672E+04  0.000000E+00  0.244060E+05
 -0.366934E+04  0.000000E+00 -0.480377E+03  0.000000E+00 -0.398158E+04  0.000000E+00
  0.000000E+00 -0.936562E+03  0.000000E+00  0.879831E+03  0.000000E+00  0.408531E+04
 -0.170168E+06  0.000000E+00 -0.219612E+05  0.000000E+00 -0.184773E+06  0.000000E+00
  0.000000E+00  0.232120E+06  0.000000E+00 -0.207485E+06  0.000000E+00 -0.976190E+06
 0.3490659E+01
  0.201762E+06  0.000000E+00  0.244894E+05  0.000000E+00  0.217686E+06  0.000000E+00
  0.000000E+00  0.763602E+04  0.000000E+00 -0.662213E+04  0.000000E+00  0.225727E+05
 -0.358974E+04  0.000000E+00 -0.211730E+03  0.000000E+00 -0.386733E+04  0.000000E+00
  0.000000E+00  0.663545E+03  0.000000E+00 -0.609437E+03  0.000000E+00  0.183066E+04
 -0.159724E+06  0.000000E+00 -0.100576E+05  0.000000E+00 -0.169701E+06  0.000000E+00
  0.000000E+00 -0.305438E+06  0.000000E+00  0.264881E+06  0.000000E+00 -0.902899E+06
 0.3396317E+01
  0.153377E+06  0.000000E+00  0.113995E+05  0.000000E+00  0.160807E+06  0.000000E+00
  0.000000E+00  0.153566E+05  0.000000E+00 -0.132969E+05  0.000000E+00  0.921178E+04
 -0.182873E+04  0.000000E+00  0.109960E+03  0.000000E+00 -0.165878E+04  0.000000E+00
  0.000000E+00 -0.710361E+02  0.000000E+00  0.137310E+03  0.000000E+00 -0.638665E+02
 -0.717000E+05  0.000000E+00  0.291683E+04  0.000000E+00 -0.613847E+05  0.000000E+00
  0.000000E+00 -0.614259E+06  0.000000E+00  0.531867E+06  0.000000E+00 -0.368432E+06
 0.3306940E+01
  0.548305E+05  0.000000E+00 -0.497428E+03  0.000000E+00  0.523317E+05  0.000000E+00
  0.000000E+00  0.145437E+05  0.000000E+00 -0.126227E+05  0.000000E+00 -0.124562E+05
 -0.189466E+03  0.000000E+00  0.142046E+03  0.000000E+00  0.416088E+02  0.000000E+00
  0.000000E+00 -0.136459E+04  0.000000E+00  0.156104E+04  0.000000E+00  0.113184E+04
 -0.193411E+04  0.000000E+00  0.214422E+04  0.000000E+00  0.814603E+04  0.000000E+00
  0.000000E+00 -0.581743E+06  0.000000E+00  0.504904E+06  0.000000E+00  0.498169E+06
 0.3222147E+01
 -0.140549E+05  0.000000E+00 -0.636543E+04  0.000000E+00 -0.228984E+05  0.000000E+00
  0.000000E+00  0.700258E+04  0.000000E+00 -0.619303E+04  0.000000E+00 -0.329820E+05
  0.611856E+03  0.000000E+00  0.108747E+03  0.000000E+00  0.586714E+03  0.000000E+00
  0.000000E+00 -0.132594E+04  0.000000E+00  0.115306E+04  0.000000E+00  0.584996E+04
  0.216168E+05  0.000000E+00  0.150305E+04  0.000000E+00  0.180418E+05  0.000000E+00
  0.000000E+00 -0.280103E+06  0.000000E+00  0.247720E+06  0.000000E+00  0.131929E+07
 0.3141593E+01
 -0.845573E+05  0.000000E+00 -0.107183E+05  0.000000E+00 -0.990110E+05  0.000000E+00
  0.000000E+00 -0.202961E+04  0.000000E+00  0.163408E+04  0.000000E+00 -0.398475E+05
  0.119066E+04  0.000000E+00  0.326598E+02  0.000000E+00  0.138056E+04  0.000000E+00
  0.000000E+00  0.469709E+03  0.000000E+00 -0.359348E+03  0.000000E+00  0.103905E+05
  0.248886E+05  0.000000E+00 -0.187364E+04  0.000000E+00  0.271413E+05  0.000000E+00
  0.000000E+00  0.811891E+05  0.000000E+00 -0.653675E+05  0.000000E+00  0.159390E+07
 0.1256637E+03
  0.222583E-03  0.000000E+00 -0.184715E-03  0.000000E+00 -0.775146E-02  0.000000E+00
  0.000000E+00  0.238526E-03  0.000000E+00  0.460456E-03  0.000000E+00 -0.955455E-02
  0.114743E-02  0.000000E+00  0.491134E+02  0.000000E+00  0.196453E+04  0.000000E+00
  0.000000E+00 -0.311928E-03  0.000000E+00 -0.607347E-03  0.000000E+00  0.125066E-01
  0.317275E-03  0.000000E+00 -0.291586E-03  0.000000E+00 -0.101013E-01  0.000000E+00
  0.000000E+00  0.189607E-05  0.000000E+00  0.210879E-05  0.000000E+00 -0.565212E-04
 0.6283186E+02
  0.297079E-01  0.000000E+00  0.432950E-01  0.000000E+00  0.167442E+01  0.000000E+00
  0.000000E+00  0.301426E-01  0.000000E+00  0.576812E-01  0.000000E+00 -0.120571E+01
 -0.719677E-01  0.000000E+00  0.385725E+03  0.000000E+00  0.154292E+05  0.000000E+00
  0.000000E+00 -0.388147E-01  0.000000E+00 -0.743001E-01  0.000000E+00  0.155250E+01
  0.382249E-01  0.000000E+00  0.558853E-01  0.000000E+00  0.215149E+01  0.000000E+00
  0.000000E+00  0.263294E-04  0.000000E+00  0.491347E-04  0.000000E+00 -0.757707E-03
 0.4188790E+02
  0.501900E+00  0.000000E+00  0.941407E+00  0.000000E+00  0.367131E+02  0.000000E+00
  0.000000E+00  0.512135E+00  0.000000E+00  0.976792E+00  0.000000E+00 -0.204853E+02
 -0.193803E+01  0.000000E+00  0.126076E+04  0.000000E+00  0.504341E+05  0.000000E+00
  0.000000E+00 -0.658500E+00  0.000000E+00 -0.125574E+01  0.000000E+00  0.263397E+02
  0.645730E+00  0.000000E+00  0.121773E+01  0.000000E+00  0.474834E+02  0.000000E+00
  0.000000E+00  0.123668E-03  0.000000E+00  0.312754E-03  0.000000E+00 -0.405483E-02
 0.3141593E+02
  0.370698E+01  0.000000E+00  0.731673E+01  0.000000E+00  0.285637E+03  0.000000E+00
  0.000000E+00  0.379434E+01  0.000000E+00  0.720089E+01  0.000000E+00 -0.151773E+03
 -0.153378E+02  0.000000E+00  0.284994E+04  0.000000E+00  0.114027E+06  0.000000E+00
  0.000000E+00 -0.485742E+01  0.000000E+00 -0.921819E+01  0.000000E+00  0.194297E+03
  0.475048E+01  0.000000E+00  0.936776E+01  0.000000E+00  0.365744E+03  0.000000E+00
  0.000000E+00  0.826783E-03  0.000000E+00  0.163873E-02  0.000000E+00 -0.327937E-01
 0.2513274E+02
  0.171483E+02  0.000000E+00  0.346268E+02  0.000000E+00  0.135268E+04  0.000000E+00
  0.000000E+00  0.177978E+02  0.000000E+00  0.335633E+02  0.000000E+00 -0.711912E+03
 -0.741095E+02  0.000000E+00  0.521584E+04  0.000000E+00  0.208774E+06  0.000000E+00
  0.000000E+00 -0.226883E+02  0.000000E+00 -0.427858E+02  0.000000E+00  0.907533E+03
  0.218419E+02  0.000000E+00  0.441650E+02  0.000000E+00  0.172537E+04  0.000000E+00
  0.000000E+00  0.192030E-02  0.000000E+00  0.690650E-02  0.000000E+00 -0.752639E-01
 0.2094395E+02
  0.586352E+02  0.000000E+00  0.119986E+03  0.000000E+00  0.468981E+04  0.000000E+00
  0.000000E+00  0.623880E+02  0.000000E+00  0.116730E+03  0.000000E+00 -0.249552E+04
 -0.261224E+03  0.000000E+00  0.827523E+04  0.000000E+00  0.331497E+06  0.000000E+00
  0.000000E+00 -0.791036E+02  0.000000E+00 -0.148003E+03  0.000000E+00  0.316414E+04
  0.742308E+02  0.000000E+00  0.152415E+03  0.000000E+00  0.595820E+04  0.000000E+00
  0.000000E+00 -0.580097E-03  0.000000E+00 -0.148868E-01  0.000000E+00  0.249979E-01
 0.1795196E+02
  0.165219E+03  0.000000E+00  0.332401E+03  0.000000E+00  0.129897E+05  0.000000E+00
  0.000000E+00  0.178161E+03  0.000000E+00  0.330271E+03  0.000000E+00 -0.712646E+04
 -0.729923E+03  0.000000E+00  0.117852E+05  0.000000E+00  0.472760E+06  0.000000E+00
  0.000000E+00 -0.224290E+03  0.000000E+00 -0.415788E+03  0.000000E+00  0.897159E+04
  0.208922E+03  0.000000E+00  0.418493E+03  0.000000E+00  0.163525E+05  0.000000E+00
  0.000000E+00  0.482847E-01  0.000000E+00  0.109014E+00  0.000000E+00 -0.192932E+01
 0.1570796E+02
  0.367442E+03  0.000000E+00  0.782579E+03  0.000000E+00  0.306283E+05  0.000000E+00
  0.000000E+00  0.434346E+03  0.000000E+00  0.796268E+03  0.000000E+00 -0.173739E+05
 -0.173041E+04  0.000000E+00  0.153496E+05  0.000000E+00  0.617159E+06  0.000000E+00
  0.000000E+00 -0.542435E+03  0.000000E+00 -0.994416E+03  0.000000E+00  0.216974E+05
  0.451993E+03  0.000000E+00  0.976773E+03  0.000000E+00  0.382378E+05  0.000000E+00
  0.000000E+00 -0.340779E+00  0.000000E+00 -0.377605E+00  0.000000E+00  0.136619E+02
 0.1396263E+02
  0.784759E+03  0.000000E+00  0.162863E+04  0.000000E+00  0.637304E+05  0.000000E+00
  0.000000E+00  0.944337E+03  0.000000E+00  0.170939E+04  0.000000E+00 -0.377735E+05
 -0.365465E+04  0.000000E+00  0.184757E+05  0.000000E+00  0.745634E+06  0.000000E+00
  0.000000E+00 -0.117028E+04  0.000000E+00 -0.211839E+04  0.000000E+00  0.468113E+05
  0.994999E+03  0.000000E+00  0.201696E+04  0.000000E+00  0.788815E+05  0.000000E+00
  0.000000E+00  0.160075E+01  0.000000E+00  0.335866E+01  0.000000E+00 -0.639306E+02
 0.1256637E+02
  0.125505E+04  0.000000E+00  0.302247E+04  0.000000E+00  0.118655E+06  0.000000E+00
  0.000000E+00  0.184247E+04  0.000000E+00  0.328645E+04  0.000000E+00 -0.736990E+05
 -0.686276E+04  0.000000E+00  0.205962E+05  0.000000E+00  0.836096E+06  0.000000E+00
  0.000000E+00 -0.226199E+04  0.000000E+00 -0.403469E+04  0.000000E+00  0.904797E+05
  0.149792E+04  0.000000E+00  0.370838E+04  0.000000E+00  0.145636E+06  0.000000E+00
  0.000000E+00 -0.344789E+01  0.000000E+00 -0.339939E+01  0.000000E+00  0.137785E+03
 0.1142397E+02
  0.184669E+04  0.000000E+00  0.512640E+04  0.000000E+00  0.201814E+06  0.000000E+00
  0.000000E+00  0.330175E+04  0.000000E+00  0.579311E+04  0.000000E+00 -0.132070E+06
 -0.117797E+05  0.000000E+00  0.212493E+05  0.000000E+00  0.870644E+06  0.000000E+00
  0.000000E+00 -0.401260E+04  0.000000E+00 -0.704025E+04  0.000000E+00  0.160504E+06
  0.226983E+04  0.000000E+00  0.624555E+04  0.000000E+00  0.245860E+06  0.000000E+00
  0.000000E+00  0.227844E+01  0.000000E+00  0.166698E+01  0.000000E+00 -0.922856E+02
 0.1047198E+02
  0.195620E+04  0.000000E+00  0.793550E+04  0.000000E+00  0.314043E+06  0.000000E+00
  0.000000E+00  0.542200E+04  0.000000E+00  0.933716E+04  0.000000E+00 -0.216880E+06
 -0.185547E+05  0.000000E+00  0.201256E+05  0.000000E+00  0.836979E+06  0.000000E+00
  0.000000E+00 -0.652392E+04  0.000000E+00 -0.112340E+05  0.000000E+00  0.260957E+06
  0.238511E+04  0.000000E+00  0.953540E+04  0.000000E+00  0.377348E+06  0.000000E+00
  0.000000E+00  0.782440E+01  0.000000E+00  0.423378E+01  0.000000E+00 -0.310637E+03
 0.9666439E+01
  0.695724E+03  0.000000E+00  0.113427E+05  0.000000E+00  0.452561E+06  0.000000E+00
  0.000000E+00  0.820939E+04  0.000000E+00  0.138442E+05  0.000000E+00 -0.328376E+06
 -0.269684E+05  0.000000E+00  0.171134E+05  0.000000E+00  0.730030E+06  0.000000E+00
  0.000000E+00 -0.976698E+04  0.000000E+00 -0.164712E+05  0.000000E+00  0.390680E+06
  0.847148E+03  0.000000E+00  0.134714E+05  0.000000E+00  0.537402E+06  0.000000E+00
  0.000000E+00  0.624716E+01  0.000000E+00  0.212999E+02  0.000000E+00 -0.249615E+03
 0.8975979E+01
 -0.363071E+04  0.000000E+00  0.149023E+05  0.000000E+00  0.602155E+06  0.000000E+00
  0.000000E+00  0.114097E+05  0.000000E+00  0.188021E+05  0.000000E+00 -0.456386E+06
 -0.362508E+05  0.000000E+00  0.124378E+05  0.000000E+00  0.557266E+06  0.000000E+00
  0.000000E+00 -0.134332E+05  0.000000E+00 -0.221352E+05  0.000000E+00  0.537329E+06
 -0.420807E+04  0.000000E+00  0.175317E+05  0.000000E+00  0.708219E+06  0.000000E+00
  0.000000E+00  0.221610E+02  0.000000E+00  0.545051E+02  0.000000E+00 -0.883948E+03
 0.8377580E+01
 -0.130795E+05  0.000000E+00  0.178790E+05  0.000000E+00  0.736172E+06  0.000000E+00
  0.000000E+00  0.143165E+05  0.000000E+00  0.229875E+05  0.000000E+00 -0.572662E+06
 -0.445783E+05  0.000000E+00  0.648532E+04  0.000000E+00  0.331024E+06  0.000000E+00
  0.000000E+00 -0.166633E+05  0.000000E+00 -0.267579E+05  0.000000E+00  0.666531E+06
 -0.151993E+05  0.000000E+00  0.207413E+05  0.000000E+00  0.854066E+06  0.000000E+00
  0.000000E+00  0.131161E+02  0.000000E+00  0.202778E+02  0.000000E+00 -0.523453E+03
 0.7853982E+01
 -0.298927E+05  0.000000E+00  0.191819E+05  0.000000E+00  0.813910E+06  0.000000E+00
  0.000000E+00  0.158080E+05  0.000000E+00  0.246686E+05  0.000000E+00 -0.632320E+06
 -0.492651E+05  0.000000E+00  0.175347E+02  0.000000E+00  0.775805E+05  0.000000E+00
  0.000000E+00 -0.182238E+05  0.000000E+00 -0.284326E+05  0.000000E+00  0.728952E+06
 -0.343616E+05  0.000000E+00  0.220181E+05  0.000000E+00  0.934318E+06  0.000000E+00
  0.000000E+00  0.269430E+02  0.000000E+00  0.507300E+02  0.000000E+00 -0.108168E+04
 0.7391983E+01
 -0.544234E+05  0.000000E+00  0.177189E+05  0.000000E+00  0.791064E+06  0.000000E+00
  0.000000E+00  0.143557E+05  0.000000E+00  0.217048E+05  0.000000E+00 -0.574229E+06
 -0.470438E+05  0.000000E+00 -0.599615E+04  0.000000E+00 -0.168666E+06  0.000000E+00
  0.000000E+00 -0.164272E+05  0.000000E+00 -0.248416E+05  0.000000E+00  0.657088E+06
 -0.616779E+05  0.000000E+00  0.200152E+05  0.000000E+00  0.893874E+06  0.000000E+00
  0.000000E+00  0.731729E+02  0.000000E+00  0.114330E+03  0.000000E+00 -0.291918E+04
 0.6981317E+01
 -0.820463E+05  0.000000E+00  0.128277E+05  0.000000E+00  0.632889E+06  0.000000E+00
  0.000000E+00  0.839797E+04  0.000000E+00  0.122573E+05  0.000000E+00 -0.335919E+06
 -0.357831E+05  0.000000E+00 -0.105457E+05  0.000000E+00 -0.369564E+06  0.000000E+00
  0.000000E+00 -0.970569E+04  0.000000E+00 -0.141625E+05  0.000000E+00  0.388228E+06
 -0.919405E+05  0.000000E+00  0.142996E+05  0.000000E+00  0.706181E+06  0.000000E+00
  0.000000E+00  0.165811E+03  0.000000E+00  0.241236E+03  0.000000E+00 -0.663238E+04
 0.6613879E+01
 -0.103420E+06  0.000000E+00  0.508035E+04  0.000000E+00  0.348425E+06  0.000000E+00
  0.000000E+00 -0.269573E+04  0.000000E+00 -0.379285E+04  0.000000E+00  0.107829E+06
 -0.158975E+05  0.000000E+00 -0.130155E+05  0.000000E+00 -0.498256E+06  0.000000E+00
  0.000000E+00  0.248505E+04  0.000000E+00  0.349719E+04  0.000000E+00 -0.994023E+05
 -0.114406E+06  0.000000E+00  0.550859E+04  0.000000E+00  0.380997E+06  0.000000E+00
  0.000000E+00  0.340915E+03  0.000000E+00  0.480525E+03  0.000000E+00 -0.136401E+05
 0.6283185E+01
 -0.107273E+06  0.000000E+00 -0.422307E+04  0.000000E+00 -0.245695E+05  0.000000E+00
  0.000000E+00 -0.175707E+05  0.000000E+00 -0.236652E+05  0.000000E+00  0.702829E+06
  0.984651E+04  0.000000E+00 -0.134022E+05  0.000000E+00 -0.549307E+06  0.000000E+00
  0.000000E+00  0.184559E+05  0.000000E+00  0.248605E+05  0.000000E+00 -0.738238E+06
 -0.116997E+06  0.000000E+00 -0.474285E+04  0.000000E+00 -0.322225E+05  0.000000E+00
  0.000000E+00  0.657217E+03  0.000000E+00  0.893081E+03  0.000000E+00 -0.262951E+05
 0.5983986E+01
 -0.808539E+05  0.000000E+00 -0.138642E+05  0.000000E+00 -0.450727E+06  0.000000E+00
  0.000000E+00 -0.323803E+05  0.000000E+00 -0.416137E+05  0.000000E+00  0.129521E+07
  0.388357E+05  0.000000E+00 -0.126068E+05  0.000000E+00 -0.554054E+06  0.000000E+00
  0.000000E+00  0.340553E+05  0.000000E+00  0.437497E+05  0.000000E+00 -0.136221E+07
 -0.869216E+05  0.000000E+00 -0.152158E+05  0.000000E+00 -0.497110E+06  0.000000E+00
  0.000000E+00  0.115719E+04  0.000000E+00  0.149139E+04  0.000000E+00 -0.462695E+05
 0.5711987E+01
 -0.787201E+04  0.000000E+00 -0.225913E+05  0.000000E+00 -0.894130E+06  0.000000E+00
  0.000000E+00 -0.413526E+05  0.000000E+00 -0.504510E+05  0.000000E+00  0.165411E+07
  0.677178E+05  0.000000E+00 -0.105121E+05  0.000000E+00 -0.502987E+06  0.000000E+00
  0.000000E+00  0.431569E+05  0.000000E+00  0.526624E+05  0.000000E+00 -0.172628E+07
 -0.739889E+04  0.000000E+00 -0.243909E+05  0.000000E+00 -0.966659E+06  0.000000E+00
  0.000000E+00  0.183834E+04  0.000000E+00  0.223997E+04  0.000000E+00 -0.735211E+05
 0.5463640E+01
  0.113728E+06  0.000000E+00 -0.271714E+05  0.000000E+00 -0.121792E+07  0.000000E+00
  0.000000E+00 -0.392762E+05  0.000000E+00 -0.452545E+05  0.000000E+00  0.157105E+07
  0.861232E+05  0.000000E+00 -0.690201E+04  0.000000E+00 -0.375254E+06  0.000000E+00
  0.000000E+00  0.406173E+05  0.000000E+00  0.468326E+05  0.000000E+00 -0.162469E+07
  0.121963E+06  0.000000E+00 -0.286660E+05  0.000000E+00 -0.128720E+07  0.000000E+00
  0.000000E+00  0.259123E+04  0.000000E+00  0.298718E+04  0.000000E+00 -0.103647E+06
 0.5235988E+01
  0.228576E+06  0.000000E+00 -0.236017E+05  0.000000E+00 -0.119131E+07  0.000000E+00
  0.000000E+00 -0.246451E+05  0.000000E+00 -0.266743E+05  0.000000E+00  0.985803E+06
  0.799003E+05  0.000000E+00 -0.270032E+04  0.000000E+00 -0.194162E+06  0.000000E+00
  0.000000E+00  0.254697E+05  0.000000E+00  0.275292E+05  0.000000E+00 -0.101879E+07
  0.242000E+06  0.000000E+00 -0.248620E+05  0.000000E+00 -0.125612E+07  0.000000E+00
  0.000000E+00  0.309091E+04  0.000000E+00  0.334386E+04  0.000000E+00 -0.123646E+06
 0.5026548E+01
  0.264787E+06  0.000000E+00 -0.143315E+05  0.000000E+00 -0.840094E+06  0.000000E+00
  0.000000E+00 -0.122084E+04  0.000000E+00 -0.125911E+04  0.000000E+00  0.488325E+05
  0.521867E+05  0.000000E+00  0.716883E+03  0.000000E+00 -0.234602E+05  0.000000E+00
  0.000000E+00  0.180479E+04  0.000000E+00  0.178100E+04  0.000000E+00 -0.721891E+05
  0.277322E+06  0.000000E+00 -0.152536E+05  0.000000E+00 -0.888972E+06  0.000000E+00
  0.000000E+00  0.288165E+04  0.000000E+00  0.289686E+04  0.000000E+00 -0.115258E+06
 0.4833220E+01
  0.223050E+06  0.000000E+00 -0.467647E+04  0.000000E+00 -0.394698E+06  0.000000E+00
  0.000000E+00  0.227176E+05  0.000000E+00  0.210994E+05  0.000000E+00 -0.908705E+06
  0.199416E+05  0.000000E+00  0.218048E+04  0.000000E+00  0.686812E+05  0.000000E+00
  0.000000E+00 -0.217912E+05  0.000000E+00 -0.202270E+05  0.000000E+00  0.871647E+06
  0.231379E+06  0.000000E+00 -0.473295E+04  0.000000E+00 -0.405263E+06  0.000000E+00
  0.000000E+00  0.141807E+04  0.000000E+00  0.131332E+04  0.000000E+00 -0.567490E+05
 0.4654212E+01
  0.129041E+06  0.000000E+00  0.324061E+04  0.000000E+00  0.193799E+05  0.000000E+00
  0.000000E+00  0.383540E+05  0.000000E+00  0.326808E+05  0.000000E+00 -0.153416E+07
 -0.100144E+05  0.000000E+00  0.285879E+04  0.000000E+00  0.122891E+06  0.000000E+00
  0.000000E+00 -0.368091E+05  0.000000E+00 -0.313811E+05  0.000000E+00  0.147236E+07
  0.132498E+06  0.000000E+00  0.328205E+04  0.000000E+00  0.178461E+05  0.000000E+00
  0.000000E+00 -0.148574E+04  0.000000E+00 -0.125797E+04  0.000000E+00  0.594446E+05
 0.4487990E+01
 -0.754677E+04  0.000000E+00  0.910358E+04  0.000000E+00  0.369892E+06  0.000000E+00
  0.000000E+00  0.403798E+05  0.000000E+00  0.311477E+05  0.000000E+00 -0.161519E+07
 -0.363712E+05  0.000000E+00  0.316437E+04  0.000000E+00  0.154339E+06  0.000000E+00
  0.000000E+00 -0.384089E+05  0.000000E+00 -0.295494E+05  0.000000E+00  0.153636E+07
 -0.944203E+04  0.000000E+00  0.963393E+04  0.000000E+00  0.392999E+06  0.000000E+00
  0.000000E+00 -0.560281E+04  0.000000E+00 -0.430735E+04  0.000000E+00  0.224084E+06
 0.4333231E+01
 -0.159713E+06  0.000000E+00  0.121760E+05  0.000000E+00  0.596953E+06  0.000000E+00
  0.000000E+00  0.290572E+05  0.000000E+00  0.199506E+05  0.000000E+00 -0.116229E+07
 -0.535362E+05  0.000000E+00  0.277328E+04  0.000000E+00  0.147225E+06  0.000000E+00
  0.000000E+00 -0.273457E+05  0.000000E+00 -0.186880E+05  0.000000E+00  0.109382E+07
 -0.166418E+06  0.000000E+00  0.132945E+05  0.000000E+00  0.646238E+06  0.000000E+00
  0.000000E+00 -0.977287E+04  0.000000E+00 -0.671199E+04  0.000000E+00  0.390928E+06
 0.4188790E+01
 -0.264576E+06  0.000000E+00  0.111316E+05  0.000000E+00  0.604721E+06  0.000000E+00
  0.000000E+00  0.959299E+04  0.000000E+00  0.574675E+04  0.000000E+00 -0.383717E+06
 -0.538413E+05  0.000000E+00  0.178649E+04  0.000000E+00  0.103996E+06  0.000000E+00
  0.000000E+00 -0.901624E+04  0.000000E+00 -0.552079E+04  0.000000E+00  0.360642E+06
 -0.273786E+06  0.000000E+00  0.112106E+05  0.000000E+00  0.614146E+06  0.000000E+00
  0.000000E+00 -0.121559E+05  0.000000E+00 -0.736137E+04  0.000000E+00  0.486247E+06
 0.4053668E+01
 -0.261925E+06  0.000000E+00  0.666122E+04  0.000000E+00  0.402368E+06  0.000000E+00
  0.000000E+00 -0.103760E+05  0.000000E+00 -0.542780E+04  0.000000E+00  0.415035E+06
 -0.361620E+05  0.000000E+00  0.731587E+03  0.000000E+00  0.480778E+05  0.000000E+00
  0.000000E+00  0.933105E+04  0.000000E+00  0.484939E+04  0.000000E+00 -0.373236E+06
 -0.270623E+06  0.000000E+00  0.662707E+04  0.000000E+00  0.406360E+06  0.000000E+00
  0.000000E+00 -0.108922E+05  0.000000E+00 -0.569351E+04  0.000000E+00  0.435619E+06
 0.3926991E+01
 -0.161574E+06  0.000000E+00  0.179307E+04  0.000000E+00  0.141454E+06  0.000000E+00
  0.000000E+00 -0.239264E+05  0.000000E+00 -0.104068E+05  0.000000E+00  0.957064E+06
 -0.112287E+05  0.000000E+00 -0.112634E+03  0.000000E+00  0.430705E+03  0.000000E+00
  0.000000E+00  0.214675E+05  0.000000E+00  0.934781E+04  0.000000E+00 -0.858710E+06
 -0.165940E+06  0.000000E+00  0.185461E+04  0.000000E+00  0.145196E+06  0.000000E+00
  0.000000E+00 -0.462036E+04  0.000000E+00 -0.197861E+04  0.000000E+00  0.184894E+06
 0.3807991E+01
 -0.410900E+05  0.000000E+00 -0.112537E+04  0.000000E+00 -0.312253E+05  0.000000E+00
  0.000000E+00 -0.269892E+05  0.000000E+00 -0.936136E+04  0.000000E+00  0.107957E+07
  0.757847E+04  0.000000E+00 -0.524055E+03  0.000000E+00 -0.233037E+05  0.000000E+00
  0.000000E+00  0.239600E+05  0.000000E+00  0.815731E+04  0.000000E+00 -0.958404E+06
 -0.399546E+05  0.000000E+00 -0.208533E+04  0.000000E+00 -0.718872E+05  0.000000E+00
  0.000000E+00  0.581055E+04  0.000000E+00  0.197592E+04  0.000000E+00 -0.232403E+06
 0.3695992E+01
  0.570864E+05  0.000000E+00 -0.273805E+04  0.000000E+00 -0.124417E+06  0.000000E+00
  0.000000E+00 -0.196775E+05  0.000000E+00 -0.503017E+04  0.000000E+00  0.787098E+06
  0.183372E+05  0.000000E+00 -0.519025E+03  0.000000E+00 -0.255823E+05  0.000000E+00
  0.000000E+00  0.173680E+05  0.000000E+00  0.457407E+04  0.000000E+00 -0.694720E+06
  0.633745E+05  0.000000E+00 -0.320038E+04  0.000000E+00 -0.144476E+06  0.000000E+00
  0.000000E+00  0.173325E+05  0.000000E+00  0.444716E+04  0.000000E+00 -0.693303E+06
 0.3590392E+01
  0.141792E+06  0.000000E+00 -0.333396E+04  0.000000E+00 -0.157166E+06  0.000000E+00
  0.000000E+00 -0.604734E+04  0.000000E+00 -0.998698E+03  0.000000E+00  0.241894E+06
  0.244115E+05  0.000000E+00 -0.428174E+03  0.000000E+00 -0.214271E+05  0.000000E+00
  0.000000E+00  0.539714E+04  0.000000E+00  0.105753E+04  0.000000E+00 -0.215888E+06
  0.153418E+06  0.000000E+00 -0.329183E+04  0.000000E+00 -0.158860E+06  0.000000E+00
  0.000000E+00  0.247170E+05  0.000000E+00  0.417018E+04  0.000000E+00 -0.988646E+06
 0.3490659E+01
  0.204521E+06  0.000000E+00 -0.303420E+04  0.000000E+00 -0.138289E+06  0.000000E+00
  0.000000E+00  0.766145E+04  0.000000E+00  0.661742E+03  0.000000E+00 -0.306451E+06
  0.239248E+05  0.000000E+00 -0.201650E+03  0.000000E+00 -0.101444E+05  0.000000E+00
  0.000000E+00 -0.652417E+04  0.000000E+00 -0.553101E+03  0.000000E+00  0.260961E+06
  0.219313E+06  0.000000E+00 -0.317482E+04  0.000000E+00 -0.146798E+06  0.000000E+00
  0.000000E+00  0.228402E+05  0.000000E+00  0.189078E+04  0.000000E+00 -0.913587E+06
 0.3396317E+01
  0.155207E+06  0.000000E+00 -0.150606E+04  0.000000E+00 -0.594907E+05  0.000000E+00
  0.000000E+00  0.156184E+05  0.000000E+00 -0.519472E+02  0.000000E+00 -0.624735E+06
  0.106615E+05  0.000000E+00  0.522826E+02  0.000000E+00  0.248303E+04  0.000000E+00
  0.000000E+00 -0.134269E+05  0.000000E+00 -0.435406E+02  0.000000E+00  0.537075E+06
  0.162356E+06  0.000000E+00 -0.163213E+04  0.000000E+00 -0.646026E+05  0.000000E+00
  0.000000E+00  0.936174E+04  0.000000E+00 -0.470143E+02  0.000000E+00 -0.374411E+06
 0.3306940E+01
  0.551428E+05  0.000000E+00 -0.325899E+03  0.000000E+00 -0.791049E+04  0.000000E+00
  0.000000E+00  0.149134E+05  0.000000E+00 -0.136461E+04  0.000000E+00 -0.596537E+06
 -0.106181E+04  0.000000E+00  0.823683E+02  0.000000E+00  0.441702E+04  0.000000E+00
  0.000000E+00 -0.128881E+05  0.000000E+00  0.118669E+04  0.000000E+00  0.515525E+06
  0.524952E+05  0.000000E+00  0.350237E+03  0.000000E+00  0.191180E+05  0.000000E+00
  0.000000E+00 -0.126014E+05  0.000000E+00  0.111885E+04  0.000000E+00  0.504013E+06
 0.3222147E+01
 -0.145130E+05  0.000000E+00  0.397578E+03  0.000000E+00  0.127979E+05  0.000000E+00
  0.000000E+00  0.728933E+04  0.000000E+00 -0.138441E+04  0.000000E+00 -0.291574E+06
 -0.625711E+04  0.000000E+00  0.992028E+02  0.000000E+00  0.392397E+04  0.000000E+00
  0.000000E+00 -0.646233E+04  0.000000E+00  0.104079E+04  0.000000E+00  0.258493E+06
 -0.235726E+05  0.000000E+00  0.780654E+03  0.000000E+00  0.269413E+05  0.000000E+00
  0.000000E+00 -0.333909E+05  0.000000E+00  0.601457E+04  0.000000E+00  0.133564E+07
 0.3141593E+01
 -0.859280E+05  0.000000E+00  0.792725E+03  0.000000E+00  0.892446E+04  0.000000E+00
  0.000000E+00 -0.193850E+04  0.000000E+00  0.453820E+03  0.000000E+00  0.775453E+05
 -0.971779E+04  0.000000E+00  0.133104E+02  0.000000E+00 -0.175782E+04  0.000000E+00
  0.000000E+00  0.148167E+04  0.000000E+00 -0.370590E+03  0.000000E+00 -0.592703E+05
 -0.100747E+06  0.000000E+00  0.929788E+03  0.000000E+00  0.121338E+05  0.000000E+00
  0.000000E+00 -0.404843E+05  0.000000E+00  0.105682E+05  0.000000E+00  0.161940E+07
 0.1256637E+03
  0.123056E-03  0.000000E+00 -0.935853E-03  0.000000E+00  0.176138E-03  0.000000E+00
  0.000000E+00  0.123496E-03  0.000000E+00 -0.180921E-03  0.000000E+00  0.744835E-07
  0.104416E-03  0.000000E+00  0.640904E+02  0.000000E+00 -0.126625E-03  0.000000E+00
  0.000000E+00 -0.181115E-03  0.000000E+00  0.180687E-03  0.000000E+00  0.409975E-05
  0.186131E-03  0.000000E+00 -0.118876E-02  0.000000E+00  0.209253E-03  0.000000E+00
  0.000000E+00  0.177652E-06  0.000000E+00 -0.837594E-07  0.000000E+00  0.262969E-04
 0.6283186E+02
  0.176868E-01  0.000000E+00 -0.304442E-01  0.000000E+00  0.227149E-01  0.000000E+00
  0.000000E+00  0.180539E-01  0.000000E+00 -0.231123E-01  0.000000E+00  0.109262E-05
 -0.248739E-01  0.000000E+00  0.505318E+03  0.000000E+00 -0.313593E-01  0.000000E+00
  0.000000E+00 -0.228232E-01  0.000000E+00  0.300701E-01  0.000000E+00 -0.578543E-07
  0.224917E-01  0.000000E+00 -0.391788E-01  0.000000E+00  0.295775E-01  0.000000E+00
  0.000000E+00  0.567327E-05  0.000000E+00 -0.155611E-04  0.000000E+00 -0.146511E-03
 0.4188790E+02
  0.301518E+00  0.000000E+00 -0.222769E+00  0.000000E+00  0.391411E+00  0.000000E+00
  0.000000E+00  0.308407E+00  0.000000E+00 -0.400332E+00  0.000000E+00  0.226044E-04
 -0.189968E+00  0.000000E+00  0.166407E+04  0.000000E+00 -0.251072E+00  0.000000E+00
  0.000000E+00 -0.396865E+00  0.000000E+00  0.515255E+00  0.000000E+00 -0.416572E-04
  0.388272E+00  0.000000E+00 -0.277588E+00  0.000000E+00  0.503996E+00  0.000000E+00
  0.000000E+00  0.599974E-04  0.000000E+00 -0.530369E-04  0.000000E+00 -0.330123E-02
 0.3141593E+02
  0.225269E+01  0.000000E+00 -0.105592E+01  0.000000E+00  0.290976E+01  0.000000E+00
  0.000000E+00  0.230133E+01  0.000000E+00 -0.297193E+01  0.000000E+00  0.213917E-03
 -0.105398E+01  0.000000E+00  0.380982E+04  0.000000E+00 -0.129202E+01  0.000000E+00
  0.000000E+00 -0.294466E+01  0.000000E+00  0.380465E+01  0.000000E+00 -0.224909E-03
  0.288682E+01  0.000000E+00 -0.137222E+01  0.000000E+00  0.373133E+01  0.000000E+00
  0.000000E+00  0.675820E-03  0.000000E+00 -0.904652E-03  0.000000E+00  0.221003E-02
 0.2513274E+02
  0.106493E+02  0.000000E+00 -0.344738E+01  0.000000E+00  0.136968E+02  0.000000E+00
  0.000000E+00  0.109087E+02  0.000000E+00 -0.140251E+02  0.000000E+00  0.127812E-02
 -0.343664E+01  0.000000E+00  0.711496E+04  0.000000E+00 -0.422514E+01  0.000000E+00
  0.000000E+00 -0.139043E+02  0.000000E+00  0.178797E+02  0.000000E+00 -0.142491E-02
  0.135956E+02  0.000000E+00 -0.446439E+01  0.000000E+00  0.174920E+02  0.000000E+00
  0.000000E+00  0.320197E-02  0.000000E+00 -0.417624E-02  0.000000E+00  0.101245E-01
 0.2094395E+02
  0.376483E+02  0.000000E+00 -0.863418E+01  0.000000E+00  0.481533E+02  0.000000E+00
  0.000000E+00  0.388050E+02  0.000000E+00 -0.496202E+02  0.000000E+00  0.523486E-02
 -0.833916E+01  0.000000E+00  0.116408E+05  0.000000E+00 -0.108512E+02  0.000000E+00
  0.000000E+00 -0.492008E+02  0.000000E+00  0.629250E+02  0.000000E+00 -0.668231E-02
  0.477533E+02  0.000000E+00 -0.107502E+02  0.000000E+00  0.610873E+02  0.000000E+00
  0.000000E+00  0.773079E-02  0.000000E+00 -0.100539E-01  0.000000E+00 -0.276736E-01
 0.1795196E+02
  0.109191E+03  0.000000E+00 -0.206350E+02  0.000000E+00  0.138709E+03  0.000000E+00
  0.000000E+00  0.113328E+03  0.000000E+00 -0.143949E+03  0.000000E+00  0.142814E-01
 -0.201039E+02  0.000000E+00  0.173439E+05  0.000000E+00 -0.268446E+02  0.000000E+00
  0.000000E+00 -0.142691E+03  0.000000E+00  0.181271E+03  0.000000E+00 -0.178174E-01
  0.137399E+03  0.000000E+00 -0.254465E+02  0.000000E+00  0.174564E+03  0.000000E+00
  0.000000E+00 -0.218934E-02  0.000000E+00  0.277331E-02  0.000000E+00 -0.344198E-01
 0.1570796E+02
  0.274379E+03  0.000000E+00 -0.463911E+02  0.000000E+00  0.346138E+03  0.000000E+00
  0.000000E+00  0.285464E+03  0.000000E+00 -0.359949E+03  0.000000E+00  0.368970E-01
 -0.447141E+02  0.000000E+00  0.240892E+05  0.000000E+00 -0.547163E+02  0.000000E+00
  0.000000E+00 -0.356758E+03  0.000000E+00  0.449837E+03  0.000000E+00 -0.456103E-01
  0.343426E+03  0.000000E+00 -0.599487E+02  0.000000E+00  0.433235E+03  0.000000E+00
  0.000000E+00  0.811932E-01  0.000000E+00 -0.101894E+00  0.000000E+00  0.442129E-01
 0.1396263E+02
  0.612552E+03  0.000000E+00 -0.696926E+02  0.000000E+00  0.765849E+03  0.000000E+00
  0.000000E+00  0.644906E+03  0.000000E+00 -0.806375E+03  0.000000E+00  0.878951E-01
 -0.721181E+02  0.000000E+00  0.316842E+05  0.000000E+00 -0.943008E+02  0.000000E+00
  0.000000E+00 -0.799214E+03  0.000000E+00  0.999354E+03  0.000000E+00 -0.109036E+00
  0.758596E+03  0.000000E+00 -0.841975E+02  0.000000E+00  0.948503E+03  0.000000E+00
  0.000000E+00  0.386595E-01  0.000000E+00 -0.485803E-01  0.000000E+00 -0.115756E+00
 0.1256637E+02
  0.125712E+04  0.000000E+00 -0.107898E+03  0.000000E+00  0.155854E+04  0.000000E+00
  0.000000E+00  0.132954E+04  0.000000E+00 -0.164761E+04  0.000000E+00  0.179890E+00
 -0.100218E+03  0.000000E+00  0.398517E+05  0.000000E+00 -0.120648E+03  0.000000E+00
  0.000000E+00 -0.163236E+04  0.000000E+00  0.202278E+04  0.000000E+00 -0.222828E+00
  0.154518E+04  0.000000E+00 -0.137467E+03  0.000000E+00  0.191555E+04  0.000000E+00
  0.000000E+00  0.354613E+00  0.000000E+00 -0.439667E+00  0.000000E+00  0.740436E+00
 0.1142397E+02
  0.240288E+04  0.000000E+00 -0.736730E+02  0.000000E+00  0.294806E+04  0.000000E+00
  0.000000E+00  0.255817E+04  0.000000E+00 -0.313848E+04  0.000000E+00  0.343248E+00
 -0.699661E+02  0.000000E+00  0.482950E+05  0.000000E+00 -0.914051E+02  0.000000E+00
  0.000000E+00 -0.310840E+04  0.000000E+00  0.381363E+04  0.000000E+00 -0.416545E+00
  0.291918E+04  0.000000E+00 -0.865957E+02  0.000000E+00  0.358166E+04  0.000000E+00
  0.000000E+00  0.139885E+00  0.000000E+00 -0.172088E+00  0.000000E+00 -0.250075E+01
 0.1047198E+02
  0.434891E+04  0.000000E+00  0.111729E+03  0.000000E+00  0.528200E+04  0.000000E+00
  0.000000E+00  0.461984E+04  0.000000E+00 -0.561038E+04  0.000000E+00  0.630200E+00
  0.115296E+03  0.000000E+00  0.565798E+05  0.000000E+00  0.138945E+03  0.000000E+00
  0.000000E+00 -0.555649E+04  0.000000E+00  0.674862E+04  0.000000E+00 -0.758080E+00
  0.523150E+04  0.000000E+00  0.130569E+03  0.000000E+00  0.635471E+04  0.000000E+00
  0.000000E+00  0.678253E+00  0.000000E+00 -0.823752E+00  0.000000E+00  0.721309E+01
 0.9666439E+01
  0.758247E+04  0.000000E+00  0.590407E+03  0.000000E+00  0.910905E+04  0.000000E+00
  0.000000E+00  0.792676E+04  0.000000E+00 -0.952196E+04  0.000000E+00  0.104216E+01
  0.588981E+03  0.000000E+00  0.640413E+05  0.000000E+00  0.703987E+03  0.000000E+00
  0.000000E+00 -0.942726E+04  0.000000E+00  0.113225E+05  0.000000E+00 -0.123951E+01
  0.901884E+04  0.000000E+00  0.698267E+03  0.000000E+00  0.108326E+05  0.000000E+00
  0.000000E+00  0.103967E+01  0.000000E+00 -0.124297E+01  0.000000E+00 -0.832857E+01
 0.8975979E+01
  0.128906E+05  0.000000E+00  0.141412E+04  0.000000E+00  0.153065E+05  0.000000E+00
  0.000000E+00  0.130172E+05  0.000000E+00 -0.154573E+05  0.000000E+00  0.179664E+01
  0.141099E+04  0.000000E+00  0.701410E+05  0.000000E+00  0.166775E+04  0.000000E+00
  0.000000E+00 -0.153079E+05  0.000000E+00  0.181795E+05  0.000000E+00 -0.211448E+01
  0.151585E+05  0.000000E+00  0.165784E+04  0.000000E+00  0.180015E+05  0.000000E+00
  0.000000E+00  0.172040E+01  0.000000E+00 -0.203516E+01  0.000000E+00 -0.253322E+02
 0.8377580E+01
  0.213503E+05  0.000000E+00  0.233332E+04  0.000000E+00  0.250458E+05  0.000000E+00
  0.000000E+00  0.205211E+05  0.000000E+00 -0.240727E+05  0.000000E+00  0.277697E+01
  0.232647E+04  0.000000E+00  0.740020E+05  0.000000E+00  0.272052E+04  0.000000E+00
  0.000000E+00 -0.238226E+05  0.000000E+00  0.279561E+05  0.000000E+00 -0.323457E+01
  0.247858E+05  0.000000E+00  0.270039E+04  0.000000E+00  0.290864E+05  0.000000E+00
  0.000000E+00  0.273813E+01  0.000000E+00 -0.320488E+01  0.000000E+00  0.595440E+02
 0.7853982E+01
  0.341787E+05  0.000000E+00  0.258162E+04  0.000000E+00  0.396595E+05  0.000000E+00
  0.000000E+00  0.312829E+05  0.000000E+00 -0.363033E+05  0.000000E+00  0.367080E+01
  0.256873E+04  0.000000E+00  0.757391E+05  0.000000E+00  0.296377E+04  0.000000E+00
  0.000000E+00 -0.359131E+05  0.000000E+00  0.416557E+05  0.000000E+00 -0.423355E+01
  0.392354E+05  0.000000E+00  0.294795E+04  0.000000E+00  0.455061E+05  0.000000E+00
  0.000000E+00  0.367317E+01  0.000000E+00 -0.426783E+01  0.000000E+00  0.226838E+02
 0.7391983E+01
  0.517864E+05  0.000000E+00  0.100007E+04  0.000000E+00  0.593013E+05  0.000000E+00
  0.000000E+00  0.463622E+05  0.000000E+00 -0.531119E+05  0.000000E+00  0.393787E+01
  0.993960E+03  0.000000E+00  0.757275E+05  0.000000E+00  0.111291E+04  0.000000E+00
  0.000000E+00 -0.525313E+05  0.000000E+00  0.601879E+05  0.000000E+00 -0.452025E+01
  0.586638E+05  0.000000E+00  0.110961E+04  0.000000E+00  0.671853E+05  0.000000E+00
  0.000000E+00  0.389067E+01  0.000000E+00 -0.450178E+01  0.000000E+00 -0.244553E+03
 0.6981317E+01
  0.723565E+05  0.000000E+00 -0.288682E+04  0.000000E+00  0.817983E+05  0.000000E+00
  0.000000E+00  0.668420E+05  0.000000E+00 -0.755910E+05  0.000000E+00  0.173571E+01
 -0.287167E+04  0.000000E+00  0.754343E+05  0.000000E+00 -0.327555E+04  0.000000E+00
  0.000000E+00 -0.748341E+05  0.000000E+00  0.846515E+05  0.000000E+00 -0.208370E+01
  0.809868E+05  0.000000E+00 -0.326181E+04  0.000000E+00  0.915768E+05  0.000000E+00
  0.000000E+00  0.153527E+01  0.000000E+00 -0.180497E+01  0.000000E+00 -0.219476E+03
 0.6613879E+01
  0.927714E+05  0.000000E+00 -0.746341E+04  0.000000E+00  0.103556E+06  0.000000E+00
  0.000000E+00  0.935855E+05  0.000000E+00 -0.104523E+06  0.000000E+00 -0.511189E+01
 -0.742251E+04  0.000000E+00  0.760906E+05  0.000000E+00 -0.833546E+04  0.000000E+00
  0.000000E+00 -0.103374E+06  0.000000E+00  0.115539E+06  0.000000E+00  0.537881E+01
  0.102420E+06  0.000000E+00 -0.828567E+04  0.000000E+00  0.114410E+06  0.000000E+00
  0.000000E+00 -0.504769E+01  0.000000E+00  0.540038E+01  0.000000E+00  0.513271E+03
 0.6283185E+01
  0.112884E+06  0.000000E+00 -0.915852E+04  0.000000E+00  0.124476E+06  0.000000E+00
  0.000000E+00  0.126825E+06  0.000000E+00 -0.139979E+06  0.000000E+00 -0.178518E+02
 -0.911169E+04  0.000000E+00  0.776887E+05  0.000000E+00 -0.100818E+05  0.000000E+00
  0.000000E+00 -0.138327E+06  0.000000E+00  0.152725E+06  0.000000E+00  0.190481E+02
  0.123014E+06  0.000000E+00 -0.100091E+05  0.000000E+00  0.135695E+06  0.000000E+00
  0.000000E+00 -0.174218E+02  0.000000E+00  0.188615E+02  0.000000E+00  0.684866E+03
 0.5983986E+01
  0.140613E+06  0.000000E+00 -0.463021E+04  0.000000E+00  0.153422E+06  0.000000E+00
  0.000000E+00  0.166035E+06  0.000000E+00 -0.181284E+06  0.000000E+00 -0.301962E+02
 -0.460138E+04  0.000000E+00  0.789467E+05  0.000000E+00 -0.498880E+04  0.000000E+00
  0.000000E+00 -0.179360E+06  0.000000E+00  0.195633E+06  0.000000E+00  0.321083E+02
  0.151795E+06  0.000000E+00 -0.496462E+04  0.000000E+00  0.165423E+06  0.000000E+00
  0.000000E+00 -0.299158E+02  0.000000E+00  0.321093E+02  0.000000E+00 -0.710125E+03
 0.5711987E+01
  0.192358E+06  0.000000E+00  0.635703E+04  0.000000E+00  0.207584E+06  0.000000E+00
  0.000000E+00  0.209615E+06  0.000000E+00 -0.226178E+06  0.000000E+00 -0.259734E+02
  0.630729E+04  0.000000E+00  0.778835E+05  0.000000E+00  0.692270E+04  0.000000E+00
  0.000000E+00 -0.223677E+06  0.000000E+00  0.241398E+06  0.000000E+00  0.276883E+02
  0.205289E+06  0.000000E+00  0.690302E+04  0.000000E+00  0.221588E+06  0.000000E+00
  0.000000E+00 -0.259916E+02  0.000000E+00  0.279509E+02  0.000000E+00  0.236010E+03
 0.5463640E+01
  0.276398E+06  0.000000E+00  0.160386E+05  0.000000E+00  0.295262E+06  0.000000E+00
  0.000000E+00  0.255772E+06  0.000000E+00 -0.272870E+06  0.000000E+00  0.706154E+01
  0.159143E+05  0.000000E+00  0.723236E+05  0.000000E+00  0.171488E+05  0.000000E+00
  0.000000E+00 -0.269602E+06  0.000000E+00  0.287972E+06  0.000000E+00 -0.632684E+01
  0.291722E+06  0.000000E+00  0.170724E+05  0.000000E+00  0.311985E+06  0.000000E+00
  0.000000E+00  0.775747E+01  0.000000E+00 -0.722371E+01  0.000000E+00  0.118498E+04
 0.5235988E+01
  0.355532E+06  0.000000E+00  0.120695E+05  0.000000E+00  0.376408E+06  0.000000E+00
  0.000000E+00  0.302687E+06  0.000000E+00 -0.320020E+06  0.000000E+00  0.559915E+02
  0.119718E+05  0.000000E+00  0.622859E+05  0.000000E+00  0.127133E+05  0.000000E+00
  0.000000E+00 -0.316584E+06  0.000000E+00  0.334252E+06  0.000000E+00 -0.559529E+02
  0.372393E+06  0.000000E+00  0.126841E+05  0.000000E+00  0.393802E+06  0.000000E+00
  0.000000E+00  0.562063E+02  0.000000E+00 -0.567768E+02  0.000000E+00 -0.103661E+04
 0.5026548E+01
  0.379777E+06  0.000000E+00 -0.296135E+04  0.000000E+00  0.397915E+06  0.000000E+00
  0.000000E+00  0.348020E+06  0.000000E+00 -0.364452E+06  0.000000E+00  0.711423E+02
 -0.290288E+04  0.000000E+00  0.534715E+05  0.000000E+00 -0.316754E+04  0.000000E+00
  0.000000E+00 -0.360243E+06  0.000000E+00  0.377013E+06  0.000000E+00 -0.710040E+02
  0.393320E+06  0.000000E+00 -0.318765E+04  0.000000E+00  0.411864E+06  0.000000E+00
  0.000000E+00  0.712767E+02  0.000000E+00 -0.720796E+02  0.000000E+00  0.845772E+03
 0.4833220E+01
  0.365732E+06  0.000000E+00 -0.137174E+05  0.000000E+00  0.378718E+06  0.000000E+00
  0.000000E+00  0.388403E+06  0.000000E+00 -0.402880E+06  0.000000E+00  0.163234E+02
 -0.135503E+05  0.000000E+00  0.486791E+05  0.000000E+00 -0.143165E+05  0.000000E+00
  0.000000E+00 -0.397994E+06  0.000000E+00  0.413754E+06  0.000000E+00 -0.167750E+02
  0.374121E+06  0.000000E+00 -0.143230E+05  0.000000E+00  0.388312E+06  0.000000E+00
  0.000000E+00  0.157769E+02  0.000000E+00 -0.163155E+02  0.000000E+00 -0.516235E+02
 0.4654212E+01
  0.363090E+06  0.000000E+00 -0.126768E+05  0.000000E+00  0.372659E+06  0.000000E+00
  0.000000E+00  0.421248E+06  0.000000E+00 -0.433735E+06  0.000000E+00 -0.501189E+02
 -0.125293E+05  0.000000E+00  0.455264E+05  0.000000E+00 -0.131128E+05  0.000000E+00
  0.000000E+00 -0.428858E+06  0.000000E+00  0.441526E+06  0.000000E+00  0.477211E+02
  0.368462E+06  0.000000E+00 -0.131211E+05  0.000000E+00  0.378099E+06  0.000000E+00
  0.000000E+00 -0.486153E+02  0.000000E+00  0.463800E+02  0.000000E+00 -0.524567E+03
 0.4487990E+01
  0.406181E+06  0.000000E+00 -0.175879E+04  0.000000E+00  0.415218E+06  0.000000E+00
  0.000000E+00  0.446400E+06  0.000000E+00 -0.457067E+06  0.000000E+00 -0.478639E+02
 -0.174686E+04  0.000000E+00  0.425536E+05  0.000000E+00 -0.174960E+04  0.000000E+00
  0.000000E+00 -0.451917E+06  0.000000E+00  0.460909E+06  0.000000E+00  0.450525E+02
  0.410517E+06  0.000000E+00 -0.174427E+04  0.000000E+00  0.417834E+06  0.000000E+00
  0.000000E+00 -0.450599E+02  0.000000E+00  0.426741E+02  0.000000E+00  0.317221E+04
 0.4333231E+01
  0.482545E+06  0.000000E+00  0.948639E+04  0.000000E+00  0.492035E+06  0.000000E+00
  0.000000E+00  0.464343E+06  0.000000E+00 -0.472605E+06  0.000000E+00 -0.201276E+02
  0.929371E+04  0.000000E+00  0.388132E+05  0.000000E+00  0.977919E+04  0.000000E+00
  0.000000E+00 -0.467174E+06  0.000000E+00  0.474643E+06  0.000000E+00  0.185654E+02
  0.486367E+06  0.000000E+00  0.986758E+04  0.000000E+00  0.495122E+06  0.000000E+00
  0.000000E+00 -0.161061E+02  0.000000E+00  0.149005E+02  0.000000E+00  0.109090E+04
 0.4188790E+01
  0.531086E+06  0.000000E+00  0.103869E+05  0.000000E+00  0.539186E+06  0.000000E+00
  0.000000E+00  0.475506E+06  0.000000E+00 -0.480934E+06  0.000000E+00 -0.770592E+02
  0.102018E+05  0.000000E+00  0.337186E+05  0.000000E+00  0.106493E+05  0.000000E+00
  0.000000E+00 -0.474980E+06  0.000000E+00  0.483634E+06  0.000000E+00  0.713656E+02
  0.532527E+06  0.000000E+00  0.107120E+05  0.000000E+00  0.543943E+06  0.000000E+00
  0.000000E+00 -0.755229E+02  0.000000E+00  0.707390E+02  0.000000E+00  0.560506E+04
 0.4053668E+01
  0.512930E+06  0.000000E+00  0.187613E+04  0.000000E+00  0.518356E+06  0.000000E+00
  0.000000E+00  0.480254E+06  0.000000E+00 -0.484494E+06  0.000000E+00 -0.962088E+02
  0.185315E+04  0.000000E+00  0.274921E+05  0.000000E+00  0.185808E+04  0.000000E+00
  0.000000E+00 -0.478817E+06  0.000000E+00  0.484157E+06  0.000000E+00  0.889873E+02
  0.512289E+06  0.000000E+00  0.185680E+04  0.000000E+00  0.518844E+06  0.000000E+00
  0.000000E+00 -0.931687E+02  0.000000E+00  0.872830E+02  0.000000E+00  0.535529E+04
 0.3926991E+01
  0.465805E+06  0.000000E+00 -0.537163E+04  0.000000E+00  0.467958E+06  0.000000E+00
  0.000000E+00  0.480502E+06  0.000000E+00 -0.484097E+06  0.000000E+00  0.178098E+03
 -0.525685E+04  0.000000E+00  0.223446E+05  0.000000E+00 -0.560589E+04  0.000000E+00
  0.000000E+00 -0.478794E+06  0.000000E+00  0.479811E+06  0.000000E+00 -0.159230E+03
  0.462865E+06  0.000000E+00 -0.566524E+04  0.000000E+00  0.462360E+06  0.000000E+00
  0.000000E+00  0.179175E+03  0.000000E+00 -0.162513E+03  0.000000E+00  0.125348E+05
 0.3807991E+01
  0.440826E+06  0.000000E+00 -0.599648E+04  0.000000E+00  0.440563E+06  0.000000E+00
  0.000000E+00  0.478295E+06  0.000000E+00 -0.480443E+06  0.000000E+00  0.430259E+03
 -0.583840E+04  0.000000E+00  0.193471E+05  0.000000E+00 -0.616909E+04  0.000000E+00
  0.000000E+00 -0.475466E+06  0.000000E+00  0.475906E+06  0.000000E+00 -0.383617E+03
  0.436065E+06  0.000000E+00 -0.626309E+04  0.000000E+00  0.433976E+06  0.000000E+00
  0.000000E+00  0.429495E+03  0.000000E+00 -0.387628E+03  0.000000E+00  0.192957E+05
 0.3695992E+01
  0.443202E+06  0.000000E+00 -0.248382E+04  0.000000E+00  0.444150E+06  0.000000E+00
  0.000000E+00  0.472796E+06  0.000000E+00 -0.474969E+06  0.000000E+00 -0.680563E+02
 -0.242891E+04  0.000000E+00  0.172859E+05  0.000000E+00 -0.247566E+04  0.000000E+00
  0.000000E+00 -0.469967E+06  0.000000E+00  0.473674E+06  0.000000E+00  0.572597E+02
  0.439419E+06  0.000000E+00 -0.251223E+04  0.000000E+00  0.441867E+06  0.000000E+00
  0.000000E+00 -0.716245E+02  0.000000E+00  0.624176E+02  0.000000E+00  0.333586E+05
 0.3590392E+01
  0.467054E+06  0.000000E+00  0.250553E+04  0.000000E+00  0.470162E+06  0.000000E+00
  0.000000E+00  0.464484E+06  0.000000E+00 -0.466311E+06  0.000000E+00 -0.792910E+03
  0.240615E+04  0.000000E+00  0.153529E+05  0.000000E+00  0.269594E+04  0.000000E+00
  0.000000E+00 -0.461131E+06  0.000000E+00  0.473219E+06  0.000000E+00  0.690624E+03
  0.464905E+06  0.000000E+00  0.277477E+04  0.000000E+00  0.478417E+06  0.000000E+00
  0.000000E+00 -0.787158E+03  0.000000E+00  0.693836E+03  0.000000E+00  0.552240E+05
 0.3490659E+01
  0.496109E+06  0.000000E+00  0.560606E+04  0.000000E+00  0.503742E+06  0.000000E+00
  0.000000E+00  0.453543E+06  0.000000E+00 -0.457432E+06  0.000000E+00 -0.192933E+03
  0.537344E+04  0.000000E+00  0.128123E+05  0.000000E+00  0.578092E+04  0.000000E+00
  0.000000E+00 -0.452872E+06  0.000000E+00  0.459483E+06  0.000000E+00  0.173570E+03
  0.498678E+06  0.000000E+00  0.596767E+04  0.000000E+00  0.509289E+06  0.000000E+00
  0.000000E+00 -0.184809E+03  0.000000E+00  0.166739E+03  0.000000E+00  0.882491E+05
 0.3396317E+01
  0.469918E+06  0.000000E+00  0.117293E+04  0.000000E+00  0.476672E+06  0.000000E+00
  0.000000E+00  0.442448E+06  0.000000E+00 -0.448571E+06  0.000000E+00  0.978913E+03
  0.114340E+04  0.000000E+00  0.104690E+05  0.000000E+00  0.103793E+04  0.000000E+00
  0.000000E+00 -0.444395E+06  0.000000E+00  0.446844E+06  0.000000E+00 -0.841444E+03
  0.472312E+06  0.000000E+00  0.104885E+04  0.000000E+00  0.475276E+06  0.000000E+00
  0.000000E+00  0.973839E+03  0.000000E+00 -0.845266E+03  0.000000E+00  0.138802E+06
 0.3306940E+01
  0.410298E+06  0.000000E+00 -0.331582E+04  0.000000E+00  0.413651E+06  0.000000E+00
  0.000000E+00  0.430082E+06  0.000000E+00 -0.436934E+06  0.000000E+00  0.355586E+03
 -0.307802E+04  0.000000E+00  0.897869E+04  0.000000E+00 -0.347426E+04  0.000000E+00
  0.000000E+00 -0.433705E+06  0.000000E+00  0.438905E+06  0.000000E+00 -0.315259E+03
  0.410732E+06  0.000000E+00 -0.369230E+04  0.000000E+00  0.412042E+06  0.000000E+00
  0.000000E+00  0.341176E+03  0.000000E+00 -0.304098E+03  0.000000E+00  0.210104E+06
 0.3222147E+01
  0.376457E+06  0.000000E+00 -0.308767E+04  0.000000E+00  0.384005E+06  0.000000E+00
  0.000000E+00  0.414049E+06  0.000000E+00 -0.424931E+06  0.000000E+00 -0.854521E+03
 -0.290144E+04  0.000000E+00  0.804700E+04  0.000000E+00 -0.308722E+04  0.000000E+00
  0.000000E+00 -0.421611E+06  0.000000E+00  0.432685E+06  0.000000E+00  0.730674E+03
  0.380999E+06  0.000000E+00 -0.325127E+04  0.000000E+00  0.388588E+06  0.000000E+00
  0.000000E+00 -0.846960E+03  0.000000E+00  0.731895E+03  0.000000E+00  0.325069E+06
 0.3141593E+01
  0.381080E+06  0.000000E+00  0.275699E+03  0.000000E+00  0.395052E+06  0.000000E+00
  0.000000E+00  0.396509E+06  0.000000E+00 -0.409608E+06  0.000000E+00 -0.321896E+03
  0.145009E+03  0.000000E+00  0.673543E+04  0.000000E+00  0.351990E+03  0.000000E+00
  0.000000E+00 -0.407185E+06  0.000000E+00  0.430862E+06  0.000000E+00  0.285923E+03
  0.392723E+06  0.000000E+00  0.510780E+03  0.000000E+00  0.417632E+06  0.000000E+00
  0.000000E+00 -0.309267E+03  0.000000E+00  0.274272E+03  0.000000E+00  0.495783E+06
