Nb de periode :    40
 0.1256637E+03
  0.580769E+06  0.000000E+00 -0.264924E+02  0.000000E+00 -0.112967E+07  0.000000E+00
  0.000000E+00  0.580751E+06  0.000000E+00  0.112857E+07  0.000000E+00 -0.232301E+08
 -0.382312E+02  0.000000E+00  0.271157E+06  0.000000E+00  0.108464E+08  0.000000E+00
  0.000000E+00  0.112431E+07  0.000000E+00  0.485005E+07  0.000000E+00 -0.449723E+08
 -0.112587E+07  0.000000E+00  0.108463E+08  0.000000E+00  0.438706E+09  0.000000E+00
  0.000000E+00 -0.232300E+08  0.000000E+00 -0.451430E+08  0.000000E+00  0.929216E+09
 0.6283186E+02
  0.584277E+06  0.000000E+00 -0.238475E+02  0.000000E+00 -0.113717E+07  0.000000E+00
  0.000000E+00  0.584261E+06  0.000000E+00  0.113618E+07  0.000000E+00 -0.233705E+08
 -0.360229E+02  0.000000E+00  0.274950E+06  0.000000E+00  0.109981E+08  0.000000E+00
  0.000000E+00  0.113303E+07  0.000000E+00  0.487659E+07  0.000000E+00 -0.453213E+08
 -0.113450E+07  0.000000E+00  0.109981E+08  0.000000E+00  0.444802E+09  0.000000E+00
  0.000000E+00 -0.233704E+08  0.000000E+00 -0.454473E+08  0.000000E+00  0.934833E+09
 0.4188790E+02
  0.590146E+06  0.000000E+00 -0.402308E+02  0.000000E+00 -0.114263E+07  0.000000E+00
  0.000000E+00  0.590110E+06  0.000000E+00  0.114096E+07  0.000000E+00 -0.236044E+08
 -0.312329E+02  0.000000E+00  0.276669E+06  0.000000E+00  0.110668E+08  0.000000E+00
  0.000000E+00  0.113754E+07  0.000000E+00  0.487298E+07  0.000000E+00 -0.455013E+08
 -0.113884E+07  0.000000E+00  0.110668E+08  0.000000E+00  0.447548E+09  0.000000E+00
  0.000000E+00 -0.236044E+08  0.000000E+00 -0.456384E+08  0.000000E+00  0.944191E+09
 0.3141593E+02
  0.592687E+06  0.000000E+00 -0.109307E+02  0.000000E+00 -0.114609E+07  0.000000E+00
  0.000000E+00  0.592678E+06  0.000000E+00  0.114564E+07  0.000000E+00 -0.237071E+08
 -0.243867E+02  0.000000E+00  0.277484E+06  0.000000E+00  0.110994E+08  0.000000E+00
  0.000000E+00  0.114222E+07  0.000000E+00  0.487760E+07  0.000000E+00 -0.456890E+08
 -0.114322E+07  0.000000E+00  0.110994E+08  0.000000E+00  0.448855E+09  0.000000E+00
  0.000000E+00 -0.237071E+08  0.000000E+00 -0.458255E+08  0.000000E+00  0.948300E+09
 0.2513274E+02
  0.596479E+06  0.000000E+00 -0.239246E+01  0.000000E+00 -0.114990E+07  0.000000E+00
  0.000000E+00  0.596478E+06  0.000000E+00  0.114981E+07  0.000000E+00 -0.238591E+08
 -0.151174E+02  0.000000E+00  0.277375E+06  0.000000E+00  0.110950E+08  0.000000E+00
  0.000000E+00  0.114617E+07  0.000000E+00  0.488443E+07  0.000000E+00 -0.458470E+08
 -0.114678E+07  0.000000E+00  0.110950E+08  0.000000E+00  0.448686E+09  0.000000E+00
  0.000000E+00 -0.238591E+08  0.000000E+00 -0.459922E+08  0.000000E+00  0.954378E+09
 0.2094395E+02
  0.601654E+06  0.000000E+00 -0.194670E+02  0.000000E+00 -0.115426E+07  0.000000E+00
  0.000000E+00  0.601643E+06  0.000000E+00  0.115347E+07  0.000000E+00 -0.240658E+08
 -0.957568E+01  0.000000E+00  0.276231E+06  0.000000E+00  0.110492E+08  0.000000E+00
  0.000000E+00  0.114978E+07  0.000000E+00  0.488965E+07  0.000000E+00 -0.459914E+08
 -0.115018E+07  0.000000E+00  0.110493E+08  0.000000E+00  0.446861E+09  0.000000E+00
  0.000000E+00 -0.240657E+08  0.000000E+00 -0.461388E+08  0.000000E+00  0.962644E+09
 0.1795196E+02
  0.607395E+06  0.000000E+00 -0.231589E+02  0.000000E+00 -0.116079E+07  0.000000E+00
  0.000000E+00  0.607419E+06  0.000000E+00  0.115992E+07  0.000000E+00 -0.242968E+08
 -0.135862E+02  0.000000E+00  0.273528E+06  0.000000E+00  0.109412E+08  0.000000E+00
  0.000000E+00  0.115633E+07  0.000000E+00  0.489806E+07  0.000000E+00 -0.462530E+08
 -0.115682E+07  0.000000E+00  0.109412E+08  0.000000E+00  0.442546E+09  0.000000E+00
  0.000000E+00 -0.242968E+08  0.000000E+00 -0.463966E+08  0.000000E+00  0.971885E+09
 0.1570796E+02
  0.614382E+06  0.000000E+00 -0.225355E+02  0.000000E+00 -0.117097E+07  0.000000E+00
  0.000000E+00  0.614472E+06  0.000000E+00  0.117022E+07  0.000000E+00 -0.245789E+08
 -0.454993E+02  0.000000E+00  0.270054E+06  0.000000E+00  0.108022E+08  0.000000E+00
  0.000000E+00  0.116652E+07  0.000000E+00  0.491264E+07  0.000000E+00 -0.466609E+08
 -0.116818E+07  0.000000E+00  0.108022E+08  0.000000E+00  0.437004E+09  0.000000E+00
  0.000000E+00 -0.245789E+08  0.000000E+00 -0.468088E+08  0.000000E+00  0.983170E+09
 0.1396263E+02
  0.623459E+06  0.000000E+00 -0.178385E+03  0.000000E+00 -0.118519E+07  0.000000E+00
  0.000000E+00  0.623558E+06  0.000000E+00  0.117824E+07  0.000000E+00 -0.249423E+08
 -0.150274E+03  0.000000E+00  0.265557E+06  0.000000E+00  0.106225E+08  0.000000E+00
  0.000000E+00  0.117448E+07  0.000000E+00  0.492596E+07  0.000000E+00 -0.469790E+08
 -0.118030E+07  0.000000E+00  0.106226E+08  0.000000E+00  0.429839E+09  0.000000E+00
  0.000000E+00 -0.249423E+08  0.000000E+00 -0.471295E+08  0.000000E+00  0.997706E+09
 0.1256637E+02
  0.633386E+06  0.000000E+00 -0.346773E+03  0.000000E+00 -0.120595E+07  0.000000E+00
  0.000000E+00  0.633527E+06  0.000000E+00  0.119232E+07  0.000000E+00 -0.253411E+08
 -0.365735E+03  0.000000E+00  0.259703E+06  0.000000E+00  0.103888E+08  0.000000E+00
  0.000000E+00  0.118845E+07  0.000000E+00  0.494336E+07  0.000000E+00 -0.475379E+08
 -0.120283E+07  0.000000E+00  0.103887E+08  0.000000E+00  0.420519E+09  0.000000E+00
  0.000000E+00 -0.253410E+08  0.000000E+00 -0.476929E+08  0.000000E+00  0.101366E+10
 0.1142397E+02
  0.646160E+06  0.000000E+00 -0.703950E+03  0.000000E+00 -0.123294E+07  0.000000E+00
  0.000000E+00  0.646172E+06  0.000000E+00  0.120481E+07  0.000000E+00 -0.258469E+08
 -0.718332E+03  0.000000E+00  0.254069E+06  0.000000E+00  0.101640E+08  0.000000E+00
  0.000000E+00  0.120094E+07  0.000000E+00  0.495961E+07  0.000000E+00 -0.480378E+08
 -0.122966E+07  0.000000E+00  0.101640E+08  0.000000E+00  0.411570E+09  0.000000E+00
  0.000000E+00 -0.258469E+08  0.000000E+00 -0.481923E+08  0.000000E+00  0.103389E+10
 0.1047198E+02
  0.660776E+06  0.000000E+00 -0.111872E+04  0.000000E+00 -0.126509E+07  0.000000E+00
  0.000000E+00  0.660291E+06  0.000000E+00  0.121952E+07  0.000000E+00 -0.264116E+08
 -0.114023E+04  0.000000E+00  0.248439E+06  0.000000E+00  0.993951E+07  0.000000E+00
  0.000000E+00  0.121546E+07  0.000000E+00  0.498111E+07  0.000000E+00 -0.486186E+08
 -0.126190E+07  0.000000E+00  0.993946E+07  0.000000E+00  0.402639E+09  0.000000E+00
  0.000000E+00 -0.264116E+08  0.000000E+00 -0.487806E+08  0.000000E+00  0.105648E+10
 0.9666439E+01
  0.677049E+06  0.000000E+00 -0.138153E+04  0.000000E+00 -0.129563E+07  0.000000E+00
  0.000000E+00  0.675399E+06  0.000000E+00  0.123759E+07  0.000000E+00 -0.270160E+08
 -0.140569E+04  0.000000E+00  0.241570E+06  0.000000E+00  0.966518E+07  0.000000E+00
  0.000000E+00  0.123359E+07  0.000000E+00  0.499784E+07  0.000000E+00 -0.493436E+08
 -0.129259E+07  0.000000E+00  0.966513E+07  0.000000E+00  0.391702E+09  0.000000E+00
  0.000000E+00 -0.270159E+08  0.000000E+00 -0.495038E+08  0.000000E+00  0.108065E+10
 0.8975979E+01
  0.695856E+06  0.000000E+00 -0.110510E+04  0.000000E+00 -0.130133E+07  0.000000E+00
  0.000000E+00  0.692274E+06  0.000000E+00  0.125123E+07  0.000000E+00 -0.276909E+08
 -0.112602E+04  0.000000E+00  0.236840E+06  0.000000E+00  0.947543E+07  0.000000E+00
  0.000000E+00  0.124722E+07  0.000000E+00  0.501369E+07  0.000000E+00 -0.498889E+08
 -0.129813E+07  0.000000E+00  0.947539E+07  0.000000E+00  0.384113E+09  0.000000E+00
  0.000000E+00 -0.276910E+08  0.000000E+00 -0.500490E+08  0.000000E+00  0.110765E+10
 0.8377580E+01
  0.714748E+06  0.000000E+00  0.877897E+02  0.000000E+00 -0.127058E+07  0.000000E+00
  0.000000E+00  0.709215E+06  0.000000E+00  0.126522E+07  0.000000E+00 -0.283686E+08
  0.903227E+02  0.000000E+00  0.230681E+06  0.000000E+00  0.922709E+07  0.000000E+00
  0.000000E+00  0.126078E+07  0.000000E+00  0.502386E+07  0.000000E+00 -0.504312E+08
 -0.126599E+07  0.000000E+00  0.922709E+07  0.000000E+00  0.374116E+09  0.000000E+00
  0.000000E+00 -0.283686E+08  0.000000E+00 -0.506090E+08  0.000000E+00  0.113476E+10
 0.7853982E+01
  0.730344E+06  0.000000E+00  0.218062E+04  0.000000E+00 -0.119869E+07  0.000000E+00
  0.000000E+00  0.725172E+06  0.000000E+00  0.127787E+07  0.000000E+00 -0.290069E+08
  0.221966E+04  0.000000E+00  0.227704E+06  0.000000E+00  0.910470E+07  0.000000E+00
  0.000000E+00  0.127378E+07  0.000000E+00  0.503283E+07  0.000000E+00 -0.509512E+08
 -0.119301E+07  0.000000E+00  0.910477E+07  0.000000E+00  0.369098E+09  0.000000E+00
  0.000000E+00 -0.290069E+08  0.000000E+00 -0.511149E+08  0.000000E+00  0.116029E+10
 0.7391983E+01
  0.738832E+06  0.000000E+00  0.428962E+04  0.000000E+00 -0.110919E+07  0.000000E+00
  0.000000E+00  0.739726E+06  0.000000E+00  0.128216E+07  0.000000E+00 -0.295890E+08
  0.436698E+04  0.000000E+00  0.224715E+06  0.000000E+00  0.898200E+07  0.000000E+00
  0.000000E+00  0.127791E+07  0.000000E+00  0.502250E+07  0.000000E+00 -0.511162E+08
 -0.110185E+07  0.000000E+00  0.898215E+07  0.000000E+00  0.364042E+09  0.000000E+00
  0.000000E+00 -0.295890E+08  0.000000E+00 -0.512865E+08  0.000000E+00  0.118358E+10
 0.6981317E+01
  0.737155E+06  0.000000E+00  0.474988E+04  0.000000E+00 -0.106851E+07  0.000000E+00
  0.000000E+00  0.750610E+06  0.000000E+00  0.127818E+07  0.000000E+00 -0.300244E+08
  0.483735E+04  0.000000E+00  0.223579E+06  0.000000E+00  0.893611E+07  0.000000E+00
  0.000000E+00  0.127368E+07  0.000000E+00  0.500277E+07  0.000000E+00 -0.509469E+08
 -0.106060E+07  0.000000E+00  0.893628E+07  0.000000E+00  0.362143E+09  0.000000E+00
  0.000000E+00 -0.300244E+08  0.000000E+00 -0.511273E+08  0.000000E+00  0.120099E+10
 0.6613879E+01
  0.729702E+06  0.000000E+00  0.239755E+04  0.000000E+00 -0.113246E+07  0.000000E+00
  0.000000E+00  0.755239E+06  0.000000E+00  0.126426E+07  0.000000E+00 -0.302095E+08
  0.244270E+04  0.000000E+00  0.223661E+06  0.000000E+00  0.894300E+07  0.000000E+00
  0.000000E+00  0.125982E+07  0.000000E+00  0.496788E+07  0.000000E+00 -0.503929E+08
 -0.112641E+07  0.000000E+00  0.894308E+07  0.000000E+00  0.362504E+09  0.000000E+00
  0.000000E+00 -0.302095E+08  0.000000E+00 -0.505702E+08  0.000000E+00  0.120840E+10
 0.6283185E+01
  0.726954E+06  0.000000E+00 -0.205751E+04  0.000000E+00 -0.128983E+07  0.000000E+00
  0.000000E+00  0.750360E+06  0.000000E+00  0.123905E+07  0.000000E+00 -0.300144E+08
 -0.209507E+04  0.000000E+00  0.222504E+06  0.000000E+00  0.890300E+07  0.000000E+00
  0.000000E+00  0.123489E+07  0.000000E+00  0.491573E+07  0.000000E+00 -0.493956E+08
 -0.128729E+07  0.000000E+00  0.890293E+07  0.000000E+00  0.361104E+09  0.000000E+00
  0.000000E+00 -0.300144E+08  0.000000E+00 -0.495618E+08  0.000000E+00  0.120059E+10
 0.5983986E+01
  0.738638E+06  0.000000E+00 -0.607385E+04  0.000000E+00 -0.144515E+07  0.000000E+00
  0.000000E+00  0.735752E+06  0.000000E+00  0.119847E+07  0.000000E+00 -0.294301E+08
 -0.618531E+04  0.000000E+00  0.222373E+06  0.000000E+00  0.890286E+07  0.000000E+00
  0.000000E+00  0.119453E+07  0.000000E+00  0.484996E+07  0.000000E+00 -0.477813E+08
 -0.144566E+07  0.000000E+00  0.890270E+07  0.000000E+00  0.361281E+09  0.000000E+00
  0.000000E+00 -0.294301E+08  0.000000E+00 -0.479387E+08  0.000000E+00  0.117722E+10
 0.5711987E+01
  0.754940E+06  0.000000E+00 -0.649971E+04  0.000000E+00 -0.145880E+07  0.000000E+00
  0.000000E+00  0.711097E+06  0.000000E+00  0.114531E+07  0.000000E+00 -0.284439E+08
 -0.661981E+04  0.000000E+00  0.222264E+06  0.000000E+00  0.889864E+07  0.000000E+00
  0.000000E+00  0.114166E+07  0.000000E+00  0.477051E+07  0.000000E+00 -0.456665E+08
 -0.145977E+07  0.000000E+00  0.889846E+07  0.000000E+00  0.361097E+09  0.000000E+00
  0.000000E+00 -0.284439E+08  0.000000E+00 -0.458122E+08  0.000000E+00  0.113777E+10
 0.5463640E+01
  0.734591E+06  0.000000E+00 -0.177824E+04  0.000000E+00 -0.122285E+07  0.000000E+00
  0.000000E+00  0.676753E+06  0.000000E+00  0.108503E+07  0.000000E+00 -0.270701E+08
 -0.182275E+04  0.000000E+00  0.221682E+06  0.000000E+00  0.886940E+07  0.000000E+00
  0.000000E+00  0.108154E+07  0.000000E+00  0.468853E+07  0.000000E+00 -0.432617E+08
 -0.122093E+07  0.000000E+00  0.886934E+07  0.000000E+00  0.359623E+09  0.000000E+00
  0.000000E+00 -0.270701E+08  0.000000E+00 -0.434013E+08  0.000000E+00  0.108282E+10
 0.5235988E+01
  0.646566E+06  0.000000E+00  0.402844E+04  0.000000E+00 -0.871926E+06  0.000000E+00
  0.000000E+00  0.635328E+06  0.000000E+00  0.102086E+07  0.000000E+00 -0.254131E+08
  0.410296E+04  0.000000E+00  0.222532E+06  0.000000E+00  0.889686E+07  0.000000E+00
  0.000000E+00  0.101746E+07  0.000000E+00  0.461526E+07  0.000000E+00 -0.406985E+08
 -0.865483E+06  0.000000E+00  0.889694E+07  0.000000E+00  0.360329E+09  0.000000E+00
  0.000000E+00 -0.254132E+08  0.000000E+00 -0.408343E+08  0.000000E+00  0.101654E+10
 0.5026548E+01
  0.540260E+06  0.000000E+00  0.520654E+04  0.000000E+00 -0.698366E+06  0.000000E+00
  0.000000E+00  0.588012E+06  0.000000E+00  0.954675E+06  0.000000E+00 -0.235205E+08
  0.530137E+04  0.000000E+00  0.224425E+06  0.000000E+00  0.897166E+07  0.000000E+00
  0.000000E+00  0.951785E+06  0.000000E+00  0.454737E+07  0.000000E+00 -0.380715E+08
 -0.691813E+06  0.000000E+00  0.897178E+07  0.000000E+00  0.363157E+09  0.000000E+00
  0.000000E+00 -0.235205E+08  0.000000E+00 -0.381870E+08  0.000000E+00  0.940833E+09
 0.4833220E+01
  0.478162E+06  0.000000E+00  0.234575E+04  0.000000E+00 -0.744621E+06  0.000000E+00
  0.000000E+00  0.536902E+06  0.000000E+00  0.893085E+06  0.000000E+00 -0.214761E+08
  0.241285E+04  0.000000E+00  0.225467E+06  0.000000E+00  0.901643E+07  0.000000E+00
  0.000000E+00  0.890286E+06  0.000000E+00  0.449250E+07  0.000000E+00 -0.356115E+08
 -0.739297E+06  0.000000E+00  0.901651E+07  0.000000E+00  0.365012E+09  0.000000E+00
  0.000000E+00 -0.214761E+08  0.000000E+00 -0.357234E+08  0.000000E+00  0.859057E+09
 0.4654212E+01
  0.463291E+06  0.000000E+00 -0.890455E+03  0.000000E+00 -0.856183E+06  0.000000E+00
  0.000000E+00  0.486650E+06  0.000000E+00  0.840505E+06  0.000000E+00 -0.194660E+08
 -0.898692E+03  0.000000E+00  0.226561E+06  0.000000E+00  0.906321E+07  0.000000E+00
  0.000000E+00  0.837345E+06  0.000000E+00  0.445430E+07  0.000000E+00 -0.334938E+08
 -0.853470E+06  0.000000E+00  0.906320E+07  0.000000E+00  0.366996E+09  0.000000E+00
  0.000000E+00 -0.194660E+08  0.000000E+00 -0.336202E+08  0.000000E+00  0.778654E+09
 0.4487990E+01
  0.464647E+06  0.000000E+00 -0.252480E+04  0.000000E+00 -0.917835E+06  0.000000E+00
  0.000000E+00  0.439490E+06  0.000000E+00  0.797430E+06  0.000000E+00 -0.175796E+08
 -0.258432E+04  0.000000E+00  0.227645E+06  0.000000E+00  0.910779E+07  0.000000E+00
  0.000000E+00  0.794441E+06  0.000000E+00  0.443615E+07  0.000000E+00 -0.317776E+08
 -0.917214E+06  0.000000E+00  0.910773E+07  0.000000E+00  0.368840E+09  0.000000E+00
  0.000000E+00 -0.175796E+08  0.000000E+00 -0.318972E+08  0.000000E+00  0.703198E+09
 0.4333231E+01
  0.449779E+06  0.000000E+00 -0.222284E+04  0.000000E+00 -0.890016E+06  0.000000E+00
  0.000000E+00  0.397754E+06  0.000000E+00  0.765401E+06  0.000000E+00 -0.159101E+08
 -0.227097E+04  0.000000E+00  0.228621E+06  0.000000E+00  0.914639E+07  0.000000E+00
  0.000000E+00  0.762732E+06  0.000000E+00  0.443053E+07  0.000000E+00 -0.305093E+08
 -0.889158E+06  0.000000E+00  0.914636E+07  0.000000E+00  0.370371E+09  0.000000E+00
  0.000000E+00 -0.159101E+08  0.000000E+00 -0.306160E+08  0.000000E+00  0.636420E+09
 0.4188790E+01
  0.399116E+06  0.000000E+00 -0.494834E+03  0.000000E+00 -0.786767E+06  0.000000E+00
  0.000000E+00  0.361254E+06  0.000000E+00  0.744145E+06  0.000000E+00 -0.144502E+08
 -0.530158E+03  0.000000E+00  0.229474E+06  0.000000E+00  0.917928E+07  0.000000E+00
  0.000000E+00  0.741645E+06  0.000000E+00  0.443852E+07  0.000000E+00 -0.296658E+08
 -0.785542E+06  0.000000E+00  0.917926E+07  0.000000E+00  0.371635E+09  0.000000E+00
  0.000000E+00 -0.144502E+08  0.000000E+00 -0.297658E+08  0.000000E+00  0.578021E+09
 0.4053668E+01
  0.316852E+06  0.000000E+00  0.131319E+04  0.000000E+00 -0.673666E+06  0.000000E+00
  0.000000E+00  0.330565E+06  0.000000E+00  0.733344E+06  0.000000E+00 -0.132226E+08
  0.136602E+04  0.000000E+00  0.230226E+06  0.000000E+00  0.920834E+07  0.000000E+00
  0.000000E+00  0.730368E+06  0.000000E+00  0.445314E+07  0.000000E+00 -0.292148E+08
 -0.668567E+06  0.000000E+00  0.920837E+07  0.000000E+00  0.372756E+09  0.000000E+00
  0.000000E+00 -0.132226E+08  0.000000E+00 -0.293338E+08  0.000000E+00  0.528917E+09
 0.3926991E+01
  0.250288E+06  0.000000E+00  0.164649E+04  0.000000E+00 -0.640104E+06  0.000000E+00
  0.000000E+00  0.305077E+06  0.000000E+00  0.729714E+06  0.000000E+00 -0.122031E+08
  0.174783E+04  0.000000E+00  0.230939E+06  0.000000E+00  0.923680E+07  0.000000E+00
  0.000000E+00  0.726805E+06  0.000000E+00  0.447775E+07  0.000000E+00 -0.290722E+08
 -0.633371E+06  0.000000E+00  0.923685E+07  0.000000E+00  0.373911E+09  0.000000E+00
  0.000000E+00 -0.122031E+08  0.000000E+00 -0.291885E+08  0.000000E+00  0.488138E+09
 0.3807991E+01
  0.249197E+06  0.000000E+00  0.424554E+03  0.000000E+00 -0.702951E+06  0.000000E+00
  0.000000E+00  0.285030E+06  0.000000E+00  0.732280E+06  0.000000E+00 -0.114012E+08
  0.448380E+03  0.000000E+00  0.231558E+06  0.000000E+00  0.926217E+07  0.000000E+00
  0.000000E+00  0.729687E+06  0.000000E+00  0.450682E+07  0.000000E+00 -0.291875E+08
 -0.699637E+06  0.000000E+00  0.926219E+07  0.000000E+00  0.374984E+09  0.000000E+00
  0.000000E+00 -0.114012E+08  0.000000E+00 -0.292912E+08  0.000000E+00  0.456062E+09
 0.3695992E+01
  0.290772E+06  0.000000E+00 -0.863860E+03  0.000000E+00 -0.780703E+06  0.000000E+00
  0.000000E+00  0.269860E+06  0.000000E+00  0.740746E+06  0.000000E+00 -0.107944E+08
 -0.906164E+03  0.000000E+00  0.232202E+06  0.000000E+00  0.928832E+07  0.000000E+00
  0.000000E+00  0.738030E+06  0.000000E+00  0.453453E+07  0.000000E+00 -0.295212E+08
 -0.779632E+06  0.000000E+00  0.928830E+07  0.000000E+00  0.376078E+09  0.000000E+00
  0.000000E+00 -0.107944E+08  0.000000E+00 -0.296298E+08  0.000000E+00  0.431789E+09
 0.3590392E+01
  0.315512E+06  0.000000E+00 -0.999980E+03  0.000000E+00 -0.802250E+06  0.000000E+00
  0.000000E+00  0.258464E+06  0.000000E+00  0.752488E+06  0.000000E+00 -0.103386E+08
 -0.111557E+04  0.000000E+00  0.232689E+06  0.000000E+00  0.930775E+07  0.000000E+00
  0.000000E+00  0.749796E+06  0.000000E+00  0.456190E+07  0.000000E+00 -0.299919E+08
 -0.804014E+06  0.000000E+00  0.930773E+07  0.000000E+00  0.376881E+09  0.000000E+00
  0.000000E+00 -0.103386E+08  0.000000E+00 -0.300995E+08  0.000000E+00  0.413557E+09
 0.3490659E+01
  0.267632E+06  0.000000E+00  0.354083E+02  0.000000E+00 -0.767054E+06  0.000000E+00
  0.000000E+00  0.250287E+06  0.000000E+00  0.766940E+06  0.000000E+00 -0.100115E+08
  0.207572E+02  0.000000E+00  0.233026E+06  0.000000E+00  0.932104E+07  0.000000E+00
  0.000000E+00  0.764009E+06  0.000000E+00  0.458663E+07  0.000000E+00 -0.305604E+08
 -0.764601E+06  0.000000E+00  0.932104E+07  0.000000E+00  0.377429E+09  0.000000E+00
  0.000000E+00 -0.100115E+08  0.000000E+00 -0.306776E+08  0.000000E+00  0.400473E+09
 0.3396317E+01
  0.196902E+06  0.000000E+00  0.642911E+03  0.000000E+00 -0.756959E+06  0.000000E+00
  0.000000E+00  0.244427E+06  0.000000E+00  0.782679E+06  0.000000E+00 -0.977707E+07
  0.800648E+03  0.000000E+00  0.233350E+06  0.000000E+00  0.933398E+07  0.000000E+00
  0.000000E+00  0.779830E+06  0.000000E+00  0.461075E+07  0.000000E+00 -0.311932E+08
 -0.748091E+06  0.000000E+00  0.933399E+07  0.000000E+00  0.377970E+09  0.000000E+00
  0.000000E+00 -0.977706E+07  0.000000E+00 -0.313072E+08  0.000000E+00  0.391097E+09
 0.3306940E+01
  0.213370E+06  0.000000E+00  0.194859E+03  0.000000E+00 -0.793693E+06  0.000000E+00
  0.000000E+00  0.241147E+06  0.000000E+00  0.799053E+06  0.000000E+00 -0.964588E+07
  0.243603E+03  0.000000E+00  0.233764E+06  0.000000E+00  0.935057E+07  0.000000E+00
  0.000000E+00  0.796492E+06  0.000000E+00  0.463246E+07  0.000000E+00 -0.318597E+08
 -0.789366E+06  0.000000E+00  0.935056E+07  0.000000E+00  0.378656E+09  0.000000E+00
  0.000000E+00 -0.964588E+07  0.000000E+00 -0.319621E+08  0.000000E+00  0.385849E+09
 0.3222147E+01
  0.252890E+06  0.000000E+00 -0.199577E+03  0.000000E+00 -0.821998E+06  0.000000E+00
  0.000000E+00  0.239912E+06  0.000000E+00  0.816278E+06  0.000000E+00 -0.959647E+07
 -0.247631E+03  0.000000E+00  0.234126E+06  0.000000E+00  0.936498E+07  0.000000E+00
  0.000000E+00  0.813462E+06  0.000000E+00  0.465203E+07  0.000000E+00 -0.325386E+08
 -0.821023E+06  0.000000E+00  0.936499E+07  0.000000E+00  0.379250E+09  0.000000E+00
  0.000000E+00 -0.959647E+07  0.000000E+00 -0.326511E+08  0.000000E+00  0.383873E+09
 0.3141593E+01
  0.273108E+06  0.000000E+00 -0.231384E+03  0.000000E+00 -0.833460E+06  0.000000E+00
  0.000000E+00  0.239780E+06  0.000000E+00  0.832742E+06  0.000000E+00 -0.959118E+07
 -0.341290E+03  0.000000E+00  0.234276E+06  0.000000E+00  0.937097E+07  0.000000E+00
  0.000000E+00  0.830390E+06  0.000000E+00  0.466795E+07  0.000000E+00 -0.332156E+08
 -0.835353E+06  0.000000E+00  0.937101E+07  0.000000E+00  0.379507E+09  0.000000E+00
  0.000000E+00 -0.959118E+07  0.000000E+00 -0.333097E+08  0.000000E+00  0.383661E+09
 0.1256637E+03
 -0.369184E+04  0.000000E+00 -0.128870E+05  0.000000E+00 -0.363092E+04  0.000000E+00
  0.000000E+00  0.265609E+04  0.000000E+00 -0.348639E+04  0.000000E+00  0.311100E+03
  0.567226E+04  0.000000E+00  0.306975E+05  0.000000E+00  0.732909E+04  0.000000E+00
  0.000000E+00  0.507620E+04  0.000000E+00 -0.666529E+04  0.000000E+00  0.423791E+03
  0.234298E+06  0.000000E+00  0.125263E+07  0.000000E+00  0.301686E+06  0.000000E+00
  0.000000E+00 -0.106245E+06  0.000000E+00  0.139458E+06  0.000000E+00 -0.124360E+05
 0.6283186E+02
 -0.374368E+04  0.000000E+00 -0.132780E+05  0.000000E+00 -0.369388E+04  0.000000E+00
  0.000000E+00  0.274648E+04  0.000000E+00 -0.359857E+04  0.000000E+00  0.310329E+03
  0.582513E+04  0.000000E+00  0.327560E+05  0.000000E+00  0.753084E+04  0.000000E+00
  0.000000E+00  0.523885E+04  0.000000E+00 -0.686725E+04  0.000000E+00  0.430458E+03
  0.240553E+06  0.000000E+00  0.133565E+07  0.000000E+00  0.309933E+06  0.000000E+00
  0.000000E+00 -0.109859E+06  0.000000E+00  0.143944E+06  0.000000E+00 -0.124159E+05
 0.4188790E+02
 -0.620279E+04  0.000000E+00 -0.129931E+05  0.000000E+00 -0.770928E+04  0.000000E+00
  0.000000E+00  0.273409E+04  0.000000E+00 -0.360100E+04  0.000000E+00  0.160100E+03
  0.571975E+04  0.000000E+00  0.342696E+05  0.000000E+00  0.726818E+04  0.000000E+00
  0.000000E+00  0.522748E+04  0.000000E+00 -0.688339E+04  0.000000E+00  0.296392E+03
  0.239930E+06  0.000000E+00  0.139589E+07  0.000000E+00  0.304336E+06  0.000000E+00
  0.000000E+00 -0.109364E+06  0.000000E+00  0.144040E+06  0.000000E+00 -0.640711E+04
 0.3141593E+02
 -0.396317E+04  0.000000E+00 -0.148242E+05  0.000000E+00 -0.395705E+04  0.000000E+00
  0.000000E+00  0.313515E+04  0.000000E+00 -0.407944E+04  0.000000E+00  0.307606E+03
  0.647910E+04  0.000000E+00  0.347930E+05  0.000000E+00  0.833874E+04  0.000000E+00
  0.000000E+00  0.591946E+04  0.000000E+00 -0.770532E+04  0.000000E+00  0.432678E+03
  0.267100E+06  0.000000E+00  0.141978E+07  0.000000E+00  0.342694E+06  0.000000E+00
  0.000000E+00 -0.125404E+06  0.000000E+00  0.163176E+06  0.000000E+00 -0.123135E+05
 0.2513274E+02
 -0.416213E+04  0.000000E+00 -0.159504E+05  0.000000E+00 -0.417352E+04  0.000000E+00
  0.000000E+00  0.343813E+04  0.000000E+00 -0.445885E+04  0.000000E+00  0.318039E+03
  0.698475E+04  0.000000E+00  0.335053E+05  0.000000E+00  0.893515E+04  0.000000E+00
  0.000000E+00  0.646867E+04  0.000000E+00 -0.839180E+04  0.000000E+00  0.422651E+03
  0.287525E+06  0.000000E+00  0.137034E+07  0.000000E+00  0.366809E+06  0.000000E+00
  0.000000E+00 -0.137526E+06  0.000000E+00  0.178353E+06  0.000000E+00 -0.127166E+05
 0.2094395E+02
 -0.663018E+04  0.000000E+00 -0.170301E+05  0.000000E+00 -0.808062E+04  0.000000E+00
  0.000000E+00  0.376350E+04  0.000000E+00 -0.488141E+04  0.000000E+00  0.185324E+03
  0.748666E+04  0.000000E+00  0.300924E+05  0.000000E+00  0.943922E+04  0.000000E+00
  0.000000E+00  0.705049E+04  0.000000E+00 -0.914596E+04  0.000000E+00  0.330629E+03
  0.311226E+06  0.000000E+00  0.123588E+07  0.000000E+00  0.391728E+06  0.000000E+00
  0.000000E+00 -0.150539E+06  0.000000E+00  0.195255E+06  0.000000E+00 -0.740329E+04
 0.1795196E+02
 -0.805493E+04  0.000000E+00 -0.208792E+05  0.000000E+00 -0.103553E+05  0.000000E+00
  0.000000E+00  0.474539E+04  0.000000E+00 -0.605316E+04  0.000000E+00 -0.597949E+02
  0.904509E+04  0.000000E+00  0.245030E+05  0.000000E+00  0.113950E+05  0.000000E+00
  0.000000E+00  0.863618E+04  0.000000E+00 -0.110114E+05  0.000000E+00 -0.298110E+02
  0.375968E+06  0.000000E+00  0.101804E+07  0.000000E+00  0.473401E+06  0.000000E+00
  0.000000E+00 -0.189814E+06  0.000000E+00  0.242125E+06  0.000000E+00  0.237252E+04
 0.1570796E+02
 -0.519921E+04  0.000000E+00 -0.232550E+05  0.000000E+00 -0.543666E+04  0.000000E+00
  0.000000E+00  0.540104E+04  0.000000E+00 -0.685902E+04  0.000000E+00  0.315677E+03
  0.100893E+05  0.000000E+00  0.174224E+05  0.000000E+00  0.127090E+05  0.000000E+00
  0.000000E+00  0.985566E+04  0.000000E+00 -0.125178E+05  0.000000E+00  0.432106E+03
  0.413549E+06  0.000000E+00  0.739385E+06  0.000000E+00  0.519961E+06  0.000000E+00
  0.000000E+00 -0.216041E+06  0.000000E+00  0.274359E+06  0.000000E+00 -0.126346E+05
 0.1396263E+02
 -0.104088E+05  0.000000E+00 -0.261459E+05  0.000000E+00 -0.129625E+05  0.000000E+00
  0.000000E+00  0.629264E+04  0.000000E+00 -0.793004E+04  0.000000E+00  0.217768E+02
  0.112273E+05  0.000000E+00  0.849946E+04  0.000000E+00  0.139647E+05  0.000000E+00
  0.000000E+00  0.112628E+05  0.000000E+00 -0.141901E+05  0.000000E+00  0.578740E+02
  0.466551E+06  0.000000E+00  0.386804E+06  0.000000E+00  0.580004E+06  0.000000E+00
  0.000000E+00 -0.251707E+06  0.000000E+00  0.317204E+06  0.000000E+00 -0.874629E+03
 0.1256637E+02
 -0.873679E+04  0.000000E+00 -0.283014E+05  0.000000E+00 -0.982625E+04  0.000000E+00
  0.000000E+00  0.696243E+04  0.000000E+00 -0.871810E+04  0.000000E+00  0.337667E+03
  0.119925E+05  0.000000E+00 -0.714444E+03  0.000000E+00  0.149024E+05  0.000000E+00
  0.000000E+00  0.124032E+05  0.000000E+00 -0.155389E+05  0.000000E+00  0.442968E+03
  0.495476E+06  0.000000E+00  0.220076E+05  0.000000E+00  0.614870E+06  0.000000E+00
  0.000000E+00 -0.278498E+06  0.000000E+00  0.348726E+06  0.000000E+00 -0.134994E+05
 0.1142397E+02
 -0.126765E+05  0.000000E+00 -0.296829E+05  0.000000E+00 -0.159002E+05  0.000000E+00
  0.000000E+00  0.756529E+04  0.000000E+00 -0.935699E+04  0.000000E+00  0.209880E+02
  0.124486E+05  0.000000E+00 -0.100295E+05  0.000000E+00  0.151863E+05  0.000000E+00
  0.000000E+00  0.131450E+05  0.000000E+00 -0.162671E+05  0.000000E+00  0.139842E+03
  0.520136E+06  0.000000E+00 -0.349519E+06  0.000000E+00  0.634574E+06  0.000000E+00
  0.000000E+00 -0.302612E+06  0.000000E+00  0.374281E+06  0.000000E+00 -0.815607E+03
 0.1047198E+02
 -0.175065E+05  0.000000E+00 -0.284653E+05  0.000000E+00 -0.210100E+05  0.000000E+00
  0.000000E+00  0.732483E+04  0.000000E+00 -0.898873E+04  0.000000E+00  0.169965E+03
  0.116743E+05  0.000000E+00 -0.182186E+05  0.000000E+00  0.141355E+05  0.000000E+00
  0.000000E+00  0.124810E+05  0.000000E+00 -0.153273E+05  0.000000E+00  0.279857E+03
  0.496785E+06  0.000000E+00 -0.680113E+06  0.000000E+00  0.601379E+06  0.000000E+00
  0.000000E+00 -0.292993E+06  0.000000E+00  0.359549E+06  0.000000E+00 -0.680883E+04
 0.9666439E+01
 -0.244112E+05  0.000000E+00 -0.235843E+05  0.000000E+00 -0.290783E+05  0.000000E+00
  0.000000E+00  0.584933E+04  0.000000E+00 -0.713502E+04  0.000000E+00  0.177758E+03
  0.936690E+04  0.000000E+00 -0.245202E+05  0.000000E+00  0.111887E+05  0.000000E+00
  0.000000E+00  0.974626E+04  0.000000E+00 -0.118990E+05  0.000000E+00  0.289220E+03
  0.415349E+06  0.000000E+00 -0.941355E+06  0.000000E+00  0.496054E+06  0.000000E+00
  0.000000E+00 -0.233973E+06  0.000000E+00  0.285400E+06  0.000000E+00 -0.711257E+04
 0.8975979E+01
 -0.326503E+05  0.000000E+00 -0.140885E+05  0.000000E+00 -0.385551E+05  0.000000E+00
  0.000000E+00  0.259164E+04  0.000000E+00 -0.322265E+04  0.000000E+00  0.201184E+03
  0.513715E+04  0.000000E+00 -0.283975E+05  0.000000E+00  0.603621E+04  0.000000E+00
  0.000000E+00  0.416370E+04  0.000000E+00 -0.519320E+04  0.000000E+00  0.321826E+03
  0.258682E+06  0.000000E+00 -0.111296E+07  0.000000E+00  0.304346E+06  0.000000E+00
  0.000000E+00 -0.103666E+06  0.000000E+00  0.128906E+06  0.000000E+00 -0.805094E+04
 0.8377580E+01
 -0.406979E+05  0.000000E+00  0.636333E+03  0.000000E+00 -0.474687E+05  0.000000E+00
  0.000000E+00 -0.280504E+04  0.000000E+00  0.310203E+04  0.000000E+00  0.270027E+03
 -0.105628E+04  0.000000E+00 -0.293375E+05  0.000000E+00 -0.129439E+04  0.000000E+00
  0.000000E+00 -0.456886E+04  0.000000E+00  0.504765E+04  0.000000E+00  0.417789E+03
  0.223738E+05  0.000000E+00 -0.117466E+07  0.000000E+00  0.237347E+05  0.000000E+00
  0.000000E+00  0.112202E+06  0.000000E+00 -0.124082E+06  0.000000E+00 -0.108015E+05
 0.7853982E+01
 -0.444457E+05  0.000000E+00  0.198773E+05  0.000000E+00 -0.511747E+05  0.000000E+00
  0.000000E+00 -0.102417E+05  0.000000E+00  0.116368E+05  0.000000E+00  0.335161E+03
 -0.874132E+04  0.000000E+00 -0.275098E+05  0.000000E+00 -0.102103E+05  0.000000E+00
  0.000000E+00 -0.160140E+05  0.000000E+00  0.181812E+05  0.000000E+00  0.508107E+03
 -0.280928E+06  0.000000E+00 -0.113140E+07  0.000000E+00 -0.329206E+06  0.000000E+00
  0.000000E+00  0.409666E+06  0.000000E+00 -0.465473E+06  0.000000E+00 -0.133987E+05
 0.7391983E+01
 -0.380940E+05  0.000000E+00  0.410329E+05  0.000000E+00 -0.431064E+05  0.000000E+00
  0.000000E+00 -0.188683E+05  0.000000E+00  0.213081E+05  0.000000E+00  0.438540E+03
 -0.167600E+05  0.000000E+00 -0.229687E+05  0.000000E+00 -0.192254E+05  0.000000E+00
  0.000000E+00 -0.284999E+05  0.000000E+00  0.321764E+05  0.000000E+00  0.650286E+03
 -0.613404E+06  0.000000E+00 -0.980626E+06  0.000000E+00 -0.704443E+06  0.000000E+00
  0.000000E+00  0.754732E+06  0.000000E+00 -0.852324E+06  0.000000E+00 -0.175549E+05
 0.6981317E+01
 -0.157877E+05  0.000000E+00  0.596893E+05  0.000000E+00 -0.174222E+05  0.000000E+00
  0.000000E+00 -0.267861E+05  0.000000E+00  0.299861E+05  0.000000E+00  0.528724E+03
 -0.232440E+05  0.000000E+00 -0.168504E+05  0.000000E+00 -0.263264E+05  0.000000E+00
  0.000000E+00 -0.390041E+05  0.000000E+00  0.436369E+05  0.000000E+00  0.768440E+03
 -0.907243E+06  0.000000E+00 -0.760726E+06  0.000000E+00 -0.102808E+07  0.000000E+00
  0.000000E+00  0.107145E+07  0.000000E+00 -0.119944E+07  0.000000E+00 -0.211539E+05
 0.6613879E+01
  0.235903E+05  0.000000E+00  0.711981E+05  0.000000E+00  0.269334E+05  0.000000E+00
  0.000000E+00 -0.311641E+05  0.000000E+00  0.345925E+05  0.000000E+00  0.668320E+03
 -0.265542E+05  0.000000E+00 -0.103875E+05  0.000000E+00 -0.297367E+05  0.000000E+00
  0.000000E+00 -0.436364E+05  0.000000E+00  0.484269E+05  0.000000E+00  0.937864E+03
 -0.109555E+07  0.000000E+00 -0.514983E+06  0.000000E+00 -0.122742E+07  0.000000E+00
  0.000000E+00  0.124656E+07  0.000000E+00 -0.138370E+07  0.000000E+00 -0.267434E+05
 0.6283185E+01
  0.759567E+05  0.000000E+00  0.731476E+05  0.000000E+00  0.847415E+05  0.000000E+00
  0.000000E+00 -0.290831E+05  0.000000E+00  0.320046E+05  0.000000E+00  0.745645E+03
 -0.262399E+05  0.000000E+00 -0.461870E+04  0.000000E+00 -0.288916E+05  0.000000E+00
  0.000000E+00 -0.391054E+05  0.000000E+00  0.430094E+05  0.000000E+00  0.992416E+03
 -0.115187E+07  0.000000E+00 -0.282805E+06  0.000000E+00 -0.126963E+07  0.000000E+00
  0.000000E+00  0.116332E+07  0.000000E+00 -0.128018E+07  0.000000E+00 -0.298329E+05
 0.5983986E+01
  0.133682E+06  0.000000E+00  0.654088E+05  0.000000E+00  0.147021E+06  0.000000E+00
  0.000000E+00 -0.190324E+05  0.000000E+00  0.209254E+05  0.000000E+00  0.734143E+03
 -0.223379E+05  0.000000E+00  0.470873E+02  0.000000E+00 -0.243493E+05  0.000000E+00
  0.000000E+00 -0.244598E+05  0.000000E+00  0.268380E+05  0.000000E+00  0.929479E+03
 -0.106506E+07  0.000000E+00 -0.816159E+05  0.000000E+00 -0.116240E+07  0.000000E+00
  0.000000E+00  0.761294E+06  0.000000E+00 -0.837014E+06  0.000000E+00 -0.293409E+05
 0.5711987E+01
  0.180122E+06  0.000000E+00  0.456527E+05  0.000000E+00  0.195692E+06  0.000000E+00
  0.000000E+00 -0.226657E+04  0.000000E+00  0.300321E+04  0.000000E+00  0.479650E+03
 -0.147039E+05  0.000000E+00  0.379284E+04  0.000000E+00 -0.157521E+05  0.000000E+00
  0.000000E+00 -0.284071E+04  0.000000E+00  0.372070E+04  0.000000E+00  0.589109E+03
 -0.807397E+06  0.000000E+00  0.963812E+05  0.000000E+00 -0.868201E+06  0.000000E+00
  0.000000E+00  0.906607E+05  0.000000E+00 -0.120124E+06  0.000000E+00 -0.191782E+05
 0.5463640E+01
  0.178912E+06  0.000000E+00  0.124874E+05  0.000000E+00  0.191946E+06  0.000000E+00
  0.000000E+00  0.165999E+05  0.000000E+00 -0.167196E+05  0.000000E+00 -0.141337E+03
 -0.344100E+04  0.000000E+00  0.609548E+04  0.000000E+00 -0.342401E+04  0.000000E+00
  0.000000E+00  0.189811E+05  0.000000E+00 -0.191426E+05  0.000000E+00 -0.176900E+03
 -0.343479E+06  0.000000E+00  0.229624E+06  0.000000E+00 -0.357604E+06  0.000000E+00
  0.000000E+00 -0.663993E+06  0.000000E+00  0.668782E+06  0.000000E+00  0.565370E+04
 0.5235988E+01
  0.102007E+06  0.000000E+00 -0.237580E+05  0.000000E+00  0.107692E+06  0.000000E+00
  0.000000E+00  0.311199E+05  0.000000E+00 -0.315291E+05  0.000000E+00 -0.120651E+04
  0.758433E+04  0.000000E+00  0.660474E+04  0.000000E+00  0.834811E+04  0.000000E+00
  0.000000E+00  0.334847E+05  0.000000E+00 -0.339270E+05  0.000000E+00 -0.130650E+04
  0.193002E+06  0.000000E+00  0.289803E+06  0.000000E+00  0.217958E+06  0.000000E+00
  0.000000E+00 -0.124480E+07  0.000000E+00  0.126117E+07  0.000000E+00  0.482423E+05
 0.5026548E+01
 -0.120386E+05  0.000000E+00 -0.458440E+05  0.000000E+00 -0.139635E+05  0.000000E+00
  0.000000E+00  0.358106E+05  0.000000E+00 -0.360617E+05  0.000000E+00 -0.269903E+04
  0.132677E+05  0.000000E+00  0.557210E+04  0.000000E+00  0.145241E+05  0.000000E+00
  0.000000E+00  0.359010E+05  0.000000E+00 -0.361079E+05  0.000000E+00 -0.270706E+04
  0.542479E+06  0.000000E+00  0.268512E+06  0.000000E+00  0.595180E+06  0.000000E+00
  0.000000E+00 -0.143243E+07  0.000000E+00  0.144247E+07  0.000000E+00  0.107972E+06
 0.4833220E+01
 -0.108898E+06  0.000000E+00 -0.516699E+05  0.000000E+00 -0.115605E+06  0.000000E+00
  0.000000E+00  0.290583E+05  0.000000E+00 -0.289885E+05  0.000000E+00 -0.417615E+04
  0.140562E+05  0.000000E+00  0.378984E+04  0.000000E+00  0.148504E+05  0.000000E+00
  0.000000E+00  0.268986E+05  0.000000E+00 -0.269161E+05  0.000000E+00 -0.388677E+04
  0.663005E+06  0.000000E+00  0.199627E+06  0.000000E+00  0.701166E+06  0.000000E+00
  0.000000E+00 -0.116233E+07  0.000000E+00  0.115954E+07  0.000000E+00  0.167053E+06
 0.4654212E+01
 -0.173426E+06  0.000000E+00 -0.475996E+05  0.000000E+00 -0.182314E+06  0.000000E+00
  0.000000E+00  0.139888E+05  0.000000E+00 -0.139015E+05  0.000000E+00 -0.505160E+04
  0.120155E+05  0.000000E+00  0.244259E+04  0.000000E+00  0.125748E+05  0.000000E+00
  0.000000E+00  0.118429E+05  0.000000E+00 -0.117767E+05  0.000000E+00 -0.429961E+04
  0.627907E+06  0.000000E+00  0.137977E+06  0.000000E+00  0.657877E+06  0.000000E+00
  0.000000E+00 -0.559553E+06  0.000000E+00  0.556064E+06  0.000000E+00  0.202055E+06
 0.4487990E+01
 -0.196835E+06  0.000000E+00 -0.358718E+05  0.000000E+00 -0.205729E+06  0.000000E+00
  0.000000E+00 -0.334037E+04  0.000000E+00  0.301221E+04  0.000000E+00 -0.462015E+04
  0.825723E+04  0.000000E+00  0.123176E+04  0.000000E+00  0.881697E+04  0.000000E+00
  0.000000E+00 -0.263032E+04  0.000000E+00  0.241015E+04  0.000000E+00 -0.356022E+04
  0.481736E+06  0.000000E+00  0.765445E+05  0.000000E+00  0.510135E+06  0.000000E+00
  0.000000E+00  0.133611E+06  0.000000E+00 -0.120485E+06  0.000000E+00  0.184786E+06
 0.4333231E+01
 -0.161965E+06  0.000000E+00 -0.168821E+05  0.000000E+00 -0.168502E+06  0.000000E+00
  0.000000E+00 -0.167443E+05  0.000000E+00  0.157491E+05  0.000000E+00 -0.238214E+04
  0.339528E+04  0.000000E+00  0.148884E+03  0.000000E+00  0.370829E+04  0.000000E+00
  0.000000E+00 -0.115628E+05  0.000000E+00  0.108335E+05  0.000000E+00 -0.162433E+04
  0.246789E+06  0.000000E+00  0.178938E+05  0.000000E+00  0.263059E+06  0.000000E+00
  0.000000E+00  0.669771E+06  0.000000E+00 -0.629959E+06  0.000000E+00  0.952388E+05
 0.4188790E+01
 -0.695985E+05  0.000000E+00  0.452668E+04  0.000000E+00 -0.714884E+05  0.000000E+00
  0.000000E+00 -0.222858E+05  0.000000E+00  0.207621E+05  0.000000E+00  0.148326E+04
 -0.138696E+04  0.000000E+00 -0.256148E+03  0.000000E+00 -0.121657E+04  0.000000E+00
  0.000000E+00 -0.134550E+05  0.000000E+00  0.125075E+05  0.000000E+00  0.875371E+03
 -0.138815E+05  0.000000E+00 -0.120921E+05  0.000000E+00 -0.538286E+04  0.000000E+00
  0.000000E+00  0.891429E+06  0.000000E+00 -0.830482E+06  0.000000E+00 -0.593218E+05
 0.4053668E+01
  0.404211E+05  0.000000E+00  0.200059E+05  0.000000E+00  0.437826E+05  0.000000E+00
  0.000000E+00 -0.194910E+05  0.000000E+00  0.179375E+05  0.000000E+00  0.613975E+04
 -0.425615E+04  0.000000E+00 -0.332109E+03  0.000000E+00 -0.413439E+04  0.000000E+00
  0.000000E+00 -0.101340E+05  0.000000E+00  0.920402E+04  0.000000E+00  0.316458E+04
 -0.191506E+06  0.000000E+00 -0.219488E+05  0.000000E+00 -0.188359E+06  0.000000E+00
  0.000000E+00  0.779635E+06  0.000000E+00 -0.717496E+06  0.000000E+00 -0.245582E+06
 0.3926991E+01
  0.110279E+06  0.000000E+00  0.236577E+05  0.000000E+00  0.116812E+06  0.000000E+00
  0.000000E+00 -0.107149E+05  0.000000E+00  0.970615E+04  0.000000E+00  0.997396E+04
 -0.454725E+04  0.000000E+00 -0.398040E+02  0.000000E+00 -0.456156E+04  0.000000E+00
  0.000000E+00 -0.464019E+04  0.000000E+00  0.398286E+04  0.000000E+00  0.428338E+04
 -0.229815E+06  0.000000E+00 -0.943452E+04  0.000000E+00 -0.232252E+06  0.000000E+00
  0.000000E+00  0.428596E+06  0.000000E+00 -0.388245E+06  0.000000E+00 -0.398917E+06
 0.3807991E+01
  0.124451E+06  0.000000E+00  0.191198E+05  0.000000E+00  0.131492E+06  0.000000E+00
  0.000000E+00 -0.215978E+02  0.000000E+00  0.723141E+01  0.000000E+00  0.110043E+05
 -0.342926E+04  0.000000E+00  0.413025E+03  0.000000E+00 -0.349178E+04  0.000000E+00
  0.000000E+00 -0.622714E+01  0.000000E+00 -0.274565E+03  0.000000E+00  0.376431E+04
 -0.180266E+06  0.000000E+00  0.123799E+05  0.000000E+00 -0.181488E+06  0.000000E+00
  0.000000E+00  0.864474E+03  0.000000E+00 -0.294364E+03  0.000000E+00 -0.440135E+06
 0.3695992E+01
  0.108660E+06  0.000000E+00  0.124513E+05  0.000000E+00  0.114621E+06  0.000000E+00
  0.000000E+00  0.844697E+04  0.000000E+00 -0.751423E+04  0.000000E+00  0.782256E+04
 -0.213765E+04  0.000000E+00  0.686732E+03  0.000000E+00 -0.198997E+04  0.000000E+00
  0.000000E+00  0.216179E+04  0.000000E+00 -0.202335E+04  0.000000E+00  0.199482E+04
 -0.113094E+06  0.000000E+00  0.251982E+05  0.000000E+00 -0.107709E+06  0.000000E+00
  0.000000E+00 -0.337882E+06  0.000000E+00  0.300573E+06  0.000000E+00 -0.312943E+06
 0.3590392E+01
  0.770104E+05  0.000000E+00  0.521000E+04  0.000000E+00  0.803762E+05  0.000000E+00
  0.000000E+00  0.119111E+05  0.000000E+00 -0.104963E+05  0.000000E+00  0.509508E+03
 -0.953487E+03  0.000000E+00  0.913577E+03  0.000000E+00 -0.706748E+03  0.000000E+00
  0.000000E+00  0.198306E+04  0.000000E+00 -0.187607E+04  0.000000E+00  0.773902E+02
 -0.507999E+05  0.000000E+00  0.360041E+05  0.000000E+00 -0.411467E+05  0.000000E+00
  0.000000E+00 -0.476443E+06  0.000000E+00  0.419855E+06  0.000000E+00 -0.204151E+05
 0.3490659E+01
  0.151972E+05  0.000000E+00 -0.388444E+04  0.000000E+00  0.126000E+05  0.000000E+00
  0.000000E+00  0.988249E+04  0.000000E+00 -0.867490E+04  0.000000E+00 -0.857761E+04
  0.343127E+03  0.000000E+00  0.109167E+04  0.000000E+00  0.836285E+03  0.000000E+00
  0.000000E+00  0.777970E+03  0.000000E+00 -0.748842E+03  0.000000E+00 -0.702191E+03
  0.127013E+05  0.000000E+00  0.437262E+05  0.000000E+00  0.330706E+05  0.000000E+00
  0.000000E+00 -0.395299E+06  0.000000E+00  0.346995E+06  0.000000E+00  0.343154E+06
 0.3396317E+01
 -0.565380E+05  0.000000E+00 -0.980644E+04  0.000000E+00 -0.642987E+05  0.000000E+00
  0.000000E+00  0.417349E+04  0.000000E+00 -0.367606E+04  0.000000E+00 -0.157576E+05
  0.120440E+04  0.000000E+00  0.109468E+04  0.000000E+00  0.176248E+04  0.000000E+00
  0.000000E+00 -0.660803E+02  0.000000E+00  0.348413E+02  0.000000E+00  0.840602E+02
  0.479016E+05  0.000000E+00  0.435550E+05  0.000000E+00  0.690069E+05  0.000000E+00
  0.000000E+00 -0.166938E+06  0.000000E+00  0.147039E+06  0.000000E+00  0.630304E+06
 0.3306940E+01
 -0.739496E+05  0.000000E+00 -0.841943E+04  0.000000E+00 -0.815237E+05  0.000000E+00
  0.000000E+00 -0.200387E+04  0.000000E+00  0.165856E+04  0.000000E+00 -0.166029E+05
  0.107339E+04  0.000000E+00  0.104654E+04  0.000000E+00  0.145908E+04  0.000000E+00
  0.000000E+00  0.141737E+03  0.000000E+00 -0.169855E+03  0.000000E+00  0.152804E+04
  0.360158E+05  0.000000E+00  0.418470E+05  0.000000E+00  0.464139E+05  0.000000E+00
  0.000000E+00  0.801561E+05  0.000000E+00 -0.663452E+05  0.000000E+00  0.664097E+06
 0.3222147E+01
 -0.692684E+05  0.000000E+00 -0.594755E+04  0.000000E+00 -0.753016E+05  0.000000E+00
  0.000000E+00 -0.556877E+04  0.000000E+00  0.477752E+04  0.000000E+00 -0.908506E+04
  0.754371E+03  0.000000E+00  0.107905E+04  0.000000E+00  0.114470E+04  0.000000E+00
  0.000000E+00  0.986562E+03  0.000000E+00 -0.955125E+03  0.000000E+00  0.161207E+04
  0.175480E+05  0.000000E+00  0.439545E+05  0.000000E+00  0.320417E+05  0.000000E+00
  0.000000E+00  0.222750E+06  0.000000E+00 -0.191100E+06  0.000000E+00  0.363393E+06
 0.3141593E+01
 -0.585826E+05  0.000000E+00 -0.334615E+04  0.000000E+00 -0.616878E+05  0.000000E+00
  0.000000E+00 -0.535522E+04  0.000000E+00  0.463898E+04  0.000000E+00  0.479404E+04
  0.485500E+03  0.000000E+00  0.108935E+04  0.000000E+00  0.687130E+03  0.000000E+00
  0.000000E+00  0.142469E+04  0.000000E+00 -0.134810E+04  0.000000E+00 -0.124521E+04
  0.409869E+04  0.000000E+00  0.448510E+05  0.000000E+00  0.118469E+05  0.000000E+00
  0.000000E+00  0.214207E+06  0.000000E+00 -0.185560E+06  0.000000E+00 -0.191711E+06
 0.1256637E+03
 -0.336171E+04  0.000000E+00  0.564927E+04  0.000000E+00  0.232970E+06  0.000000E+00
  0.000000E+00  0.268762E+04  0.000000E+00  0.515628E+04  0.000000E+00 -0.107505E+06
 -0.128850E+05  0.000000E+00  0.304866E+05  0.000000E+00  0.124451E+07  0.000000E+00
  0.000000E+00 -0.346490E+04  0.000000E+00 -0.668448E+04  0.000000E+00  0.138596E+06
 -0.257400E+04  0.000000E+00  0.725549E+04  0.000000E+00  0.297187E+06  0.000000E+00
  0.000000E+00  0.246072E+03  0.000000E+00  0.333827E+03  0.000000E+00 -0.983734E+04
 0.6283186E+02
 -0.340868E+04  0.000000E+00  0.580028E+04  0.000000E+00  0.239137E+06  0.000000E+00
  0.000000E+00  0.277195E+04  0.000000E+00  0.530166E+04  0.000000E+00 -0.110878E+06
 -0.132626E+05  0.000000E+00  0.325332E+05  0.000000E+00  0.132700E+07  0.000000E+00
  0.000000E+00 -0.357093E+04  0.000000E+00 -0.686547E+04  0.000000E+00  0.142839E+06
 -0.261928E+04  0.000000E+00  0.746187E+04  0.000000E+00  0.305581E+06  0.000000E+00
  0.000000E+00  0.248510E+03  0.000000E+00  0.346950E+03  0.000000E+00 -0.994183E+04
 0.4188790E+02
 -0.630226E+04  0.000000E+00  0.576352E+04  0.000000E+00  0.241910E+06  0.000000E+00
  0.000000E+00  0.279757E+04  0.000000E+00  0.535499E+04  0.000000E+00 -0.111903E+06
 -0.128720E+05  0.000000E+00  0.340699E+05  0.000000E+00  0.138787E+07  0.000000E+00
  0.000000E+00 -0.357592E+04  0.000000E+00 -0.688392E+04  0.000000E+00  0.143036E+06
 -0.791634E+04  0.000000E+00  0.718075E+04  0.000000E+00  0.301158E+06  0.000000E+00
  0.000000E+00  0.148848E+03  0.000000E+00  0.288686E+03  0.000000E+00 -0.595775E+04
 0.3141593E+02
 -0.362972E+04  0.000000E+00  0.646312E+04  0.000000E+00  0.266063E+06  0.000000E+00
  0.000000E+00  0.316212E+04  0.000000E+00  0.599520E+04  0.000000E+00 -0.126484E+06
 -0.147925E+05  0.000000E+00  0.345531E+05  0.000000E+00  0.141046E+07  0.000000E+00
  0.000000E+00 -0.405746E+04  0.000000E+00 -0.772573E+04  0.000000E+00  0.162298E+06
 -0.287328E+04  0.000000E+00  0.828585E+04  0.000000E+00  0.339004E+06  0.000000E+00
  0.000000E+00  0.250398E+03  0.000000E+00  0.360072E+03  0.000000E+00 -0.100224E+05
 0.2513274E+02
 -0.381137E+04  0.000000E+00  0.698595E+04  0.000000E+00  0.287139E+06  0.000000E+00
  0.000000E+00  0.347571E+04  0.000000E+00  0.656382E+04  0.000000E+00 -0.139028E+06
 -0.159089E+05  0.000000E+00  0.332707E+05  0.000000E+00  0.136120E+07  0.000000E+00
  0.000000E+00 -0.443803E+04  0.000000E+00 -0.841742E+04  0.000000E+00  0.177520E+06
 -0.310655E+04  0.000000E+00  0.887014E+04  0.000000E+00  0.362641E+06  0.000000E+00
  0.000000E+00  0.252330E+03  0.000000E+00  0.331249E+03  0.000000E+00 -0.100900E+05
 0.2094395E+02
 -0.671502E+04  0.000000E+00  0.753635E+04  0.000000E+00  0.313431E+06  0.000000E+00
  0.000000E+00  0.384325E+04  0.000000E+00  0.721612E+04  0.000000E+00 -0.153730E+06
 -0.169443E+05  0.000000E+00  0.299131E+05  0.000000E+00  0.122876E+07  0.000000E+00
  0.000000E+00 -0.486290E+04  0.000000E+00 -0.917019E+04  0.000000E+00  0.194516E+06
 -0.821731E+04  0.000000E+00  0.933541E+04  0.000000E+00  0.387804E+06  0.000000E+00
  0.000000E+00  0.171492E+03  0.000000E+00  0.317023E+03  0.000000E+00 -0.685436E+04
 0.1795196E+02
 -0.843699E+04  0.000000E+00  0.899395E+04  0.000000E+00  0.374555E+06  0.000000E+00
  0.000000E+00  0.479154E+04  0.000000E+00  0.877369E+04  0.000000E+00 -0.191661E+06
 -0.210923E+05  0.000000E+00  0.243572E+05  0.000000E+00  0.101282E+07  0.000000E+00
  0.000000E+00 -0.608848E+04  0.000000E+00 -0.111352E+05  0.000000E+00  0.243540E+06
 -0.112908E+05  0.000000E+00  0.112277E+05  0.000000E+00  0.468426E+06  0.000000E+00
  0.000000E+00 -0.168282E+02  0.000000E+00  0.861104E+01  0.000000E+00  0.658616E+03
 0.1570796E+02
 -0.487344E+04  0.000000E+00  0.100736E+05  0.000000E+00  0.412577E+06  0.000000E+00
  0.000000E+00  0.545377E+04  0.000000E+00  0.999782E+04  0.000000E+00 -0.218151E+06
 -0.232745E+05  0.000000E+00  0.172992E+05  0.000000E+00  0.734909E+06  0.000000E+00
  0.000000E+00 -0.684888E+04  0.000000E+00 -0.125830E+05  0.000000E+00  0.273955E+06
 -0.434571E+04  0.000000E+00  0.126100E+05  0.000000E+00  0.514447E+06  0.000000E+00
  0.000000E+00  0.263459E+03  0.000000E+00  0.373633E+03  0.000000E+00 -0.105441E+05
 0.1396263E+02
 -0.108318E+05  0.000000E+00  0.112166E+05  0.000000E+00  0.466888E+06  0.000000E+00
  0.000000E+00  0.638192E+04  0.000000E+00  0.114855E+05  0.000000E+00 -0.255277E+06
 -0.262678E+05  0.000000E+00  0.847689E+04  0.000000E+00  0.386335E+06  0.000000E+00
  0.000000E+00 -0.796003E+04  0.000000E+00 -0.143208E+05  0.000000E+00  0.318402E+06
 -0.141781E+05  0.000000E+00  0.138441E+05  0.000000E+00  0.577237E+06  0.000000E+00
  0.000000E+00  0.488716E+02  0.000000E+00  0.871483E+02  0.000000E+00 -0.195653E+04
 0.1256637E+02
 -0.852203E+04  0.000000E+00  0.121243E+05  0.000000E+00  0.500629E+06  0.000000E+00
  0.000000E+00  0.703712E+04  0.000000E+00  0.125821E+05  0.000000E+00 -0.281485E+06
 -0.279995E+05  0.000000E+00 -0.697260E+03  0.000000E+00  0.225858E+05  0.000000E+00
  0.000000E+00 -0.866529E+04  0.000000E+00 -0.155348E+05  0.000000E+00  0.346612E+06
 -0.909932E+04  0.000000E+00  0.148667E+05  0.000000E+00  0.612489E+06  0.000000E+00
  0.000000E+00  0.283479E+03  0.000000E+00  0.386371E+03  0.000000E+00 -0.113340E+05
 0.1142397E+02
 -0.129964E+05  0.000000E+00  0.124628E+05  0.000000E+00  0.521214E+06  0.000000E+00
  0.000000E+00  0.766043E+04  0.000000E+00  0.133807E+05  0.000000E+00 -0.306417E+06
 -0.297381E+05  0.000000E+00 -0.993605E+04  0.000000E+00 -0.345303E+06  0.000000E+00
  0.000000E+00 -0.936458E+04  0.000000E+00 -0.163737E+05  0.000000E+00  0.374583E+06
 -0.160051E+05  0.000000E+00  0.150203E+05  0.000000E+00  0.628360E+06  0.000000E+00
  0.000000E+00  0.539018E+02  0.000000E+00  0.158257E+03  0.000000E+00 -0.213890E+04
 0.1047198E+02
 -0.177054E+05  0.000000E+00  0.116627E+05  0.000000E+00  0.496831E+06  0.000000E+00
  0.000000E+00  0.740889E+04  0.000000E+00  0.126913E+05  0.000000E+00 -0.296355E+06
 -0.285463E+05  0.000000E+00 -0.180585E+05  0.000000E+00 -0.673252E+06  0.000000E+00
  0.000000E+00 -0.898992E+04  0.000000E+00 -0.154163E+05  0.000000E+00  0.359597E+06
 -0.209080E+05  0.000000E+00  0.139841E+05  0.000000E+00  0.595346E+06  0.000000E+00
  0.000000E+00  0.173477E+03  0.000000E+00  0.298277E+03  0.000000E+00 -0.694655E+04
 0.9666439E+01
 -0.247398E+05  0.000000E+00  0.933082E+04  0.000000E+00  0.414598E+06  0.000000E+00
  0.000000E+00  0.592189E+04  0.000000E+00  0.990688E+04  0.000000E+00 -0.236875E+06
 -0.237252E+05  0.000000E+00 -0.243007E+05  0.000000E+00 -0.932163E+06  0.000000E+00
  0.000000E+00 -0.714803E+04  0.000000E+00 -0.119705E+05  0.000000E+00  0.285921E+06
 -0.291159E+05  0.000000E+00  0.110416E+05  0.000000E+00  0.490434E+06  0.000000E+00
  0.000000E+00  0.186176E+03  0.000000E+00  0.299329E+03  0.000000E+00 -0.744870E+04
 0.8975979E+01
 -0.330841E+05  0.000000E+00  0.512660E+04  0.000000E+00  0.259219E+06  0.000000E+00
  0.000000E+00  0.262438E+04  0.000000E+00  0.423912E+04  0.000000E+00 -0.104975E+06
 -0.141647E+05  0.000000E+00 -0.281291E+05  0.000000E+00 -0.110196E+07  0.000000E+00
  0.000000E+00 -0.322914E+04  0.000000E+00 -0.523283E+04  0.000000E+00  0.129165E+06
 -0.386575E+05  0.000000E+00  0.596666E+04  0.000000E+00  0.302060E+06  0.000000E+00
  0.000000E+00  0.205266E+03  0.000000E+00  0.325710E+03  0.000000E+00 -0.821354E+04
 0.8377580E+01
 -0.411651E+05  0.000000E+00 -0.104102E+04  0.000000E+00  0.240413E+05  0.000000E+00
  0.000000E+00 -0.283804E+04  0.000000E+00 -0.464582E+04  0.000000E+00  0.113522E+06
  0.657427E+03  0.000000E+00 -0.290648E+05  0.000000E+00 -0.116379E+07  0.000000E+00
  0.000000E+00  0.310727E+04  0.000000E+00  0.508121E+04  0.000000E+00 -0.124291E+06
 -0.475076E+05  0.000000E+00 -0.126991E+04  0.000000E+00  0.251452E+05  0.000000E+00
  0.000000E+00  0.266945E+03  0.000000E+00  0.413212E+03  0.000000E+00 -0.106783E+05
 0.7853982E+01
 -0.449646E+05  0.000000E+00 -0.868797E+04  0.000000E+00 -0.277748E+06  0.000000E+00
  0.000000E+00 -0.103667E+05  0.000000E+00 -0.162707E+05  0.000000E+00  0.414666E+06
  0.200300E+05  0.000000E+00 -0.272332E+05  0.000000E+00 -0.112070E+07  0.000000E+00
  0.000000E+00  0.116564E+05  0.000000E+00  0.182805E+05  0.000000E+00 -0.466257E+06
 -0.512508E+05  0.000000E+00 -0.100529E+05  0.000000E+00 -0.322510E+06  0.000000E+00
  0.000000E+00  0.333263E+03  0.000000E+00  0.504731E+03  0.000000E+00 -0.133244E+05
 0.7391983E+01
 -0.385578E+05  0.000000E+00 -0.166623E+05  0.000000E+00 -0.608551E+06  0.000000E+00
  0.000000E+00 -0.191150E+05  0.000000E+00 -0.289978E+05  0.000000E+00  0.764600E+06
  0.413413E+05  0.000000E+00 -0.227180E+05  0.000000E+00 -0.971346E+06  0.000000E+00
  0.000000E+00  0.213662E+05  0.000000E+00  0.324053E+05  0.000000E+00 -0.854649E+06
 -0.432425E+05  0.000000E+00 -0.189298E+05  0.000000E+00 -0.692110E+06  0.000000E+00
  0.000000E+00  0.433165E+03  0.000000E+00  0.643727E+03  0.000000E+00 -0.173361E+05
 0.6981317E+01
 -0.159907E+05  0.000000E+00 -0.231129E+05  0.000000E+00 -0.901607E+06  0.000000E+00
  0.000000E+00 -0.271410E+05  0.000000E+00 -0.397218E+05  0.000000E+00  0.108564E+07
  0.601423E+05  0.000000E+00 -0.166757E+05  0.000000E+00 -0.754884E+06  0.000000E+00
  0.000000E+00  0.300877E+05  0.000000E+00  0.440119E+05  0.000000E+00 -0.120351E+07
 -0.174796E+05  0.000000E+00 -0.259417E+05  0.000000E+00 -0.101248E+07  0.000000E+00
  0.000000E+00  0.530327E+03  0.000000E+00  0.774110E+03  0.000000E+00 -0.212149E+05
 0.6613879E+01
  0.239072E+05  0.000000E+00 -0.264070E+05  0.000000E+00 -0.109030E+07  0.000000E+00
  0.000000E+00 -0.315602E+05  0.000000E+00 -0.444138E+05  0.000000E+00  0.126241E+07
  0.717201E+05  0.000000E+00 -0.102749E+05  0.000000E+00 -0.511741E+06  0.000000E+00
  0.000000E+00  0.346325E+05  0.000000E+00  0.487254E+05  0.000000E+00 -0.138530E+07
  0.270055E+05  0.000000E+00 -0.292370E+05  0.000000E+00 -0.120774E+07  0.000000E+00
  0.000000E+00  0.666479E+03  0.000000E+00  0.939891E+03  0.000000E+00 -0.266675E+05
 0.6283185E+01
  0.769301E+05  0.000000E+00 -0.260651E+05  0.000000E+00 -0.114655E+07  0.000000E+00
  0.000000E+00 -0.294443E+05  0.000000E+00 -0.397255E+05  0.000000E+00  0.117777E+07
  0.736836E+05  0.000000E+00 -0.455882E+04  0.000000E+00 -0.281551E+06  0.000000E+00
  0.000000E+00  0.320149E+05  0.000000E+00  0.431839E+05  0.000000E+00 -0.128060E+07
  0.847848E+05  0.000000E+00 -0.283382E+05  0.000000E+00 -0.124798E+07  0.000000E+00
  0.000000E+00  0.748516E+03  0.000000E+00  0.997780E+03  0.000000E+00 -0.299443E+05
 0.5983986E+01
  0.135372E+06  0.000000E+00 -0.221972E+05  0.000000E+00 -0.106216E+07  0.000000E+00
  0.000000E+00 -0.192822E+05  0.000000E+00 -0.248597E+05  0.000000E+00  0.771291E+06
  0.658028E+05  0.000000E+00  0.581314E+02  0.000000E+00 -0.820618E+05  0.000000E+00
  0.000000E+00  0.209786E+05  0.000000E+00  0.270003E+05  0.000000E+00 -0.839144E+06
  0.147308E+06  0.000000E+00 -0.239582E+05  0.000000E+00 -0.114776E+07  0.000000E+00
  0.000000E+00  0.745075E+03  0.000000E+00  0.944245E+03  0.000000E+00 -0.297871E+05
 0.5711987E+01
  0.182288E+06  0.000000E+00 -0.146043E+05  0.000000E+00 -0.806816E+06  0.000000E+00
  0.000000E+00 -0.230935E+04  0.000000E+00 -0.290082E+04  0.000000E+00  0.923747E+05
  0.458711E+05  0.000000E+00  0.374936E+04  0.000000E+00  0.941440E+05  0.000000E+00
  0.000000E+00  0.302358E+04  0.000000E+00  0.375485E+04  0.000000E+00 -0.120944E+06
  0.195869E+06  0.000000E+00 -0.154710E+05  0.000000E+00 -0.857997E+06  0.000000E+00
  0.000000E+00  0.499100E+03  0.000000E+00  0.622281E+03  0.000000E+00 -0.199613E+05
 0.5463640E+01
  0.181137E+06  0.000000E+00 -0.338732E+04  0.000000E+00 -0.344475E+06  0.000000E+00
  0.000000E+00  0.167831E+05  0.000000E+00  0.192438E+05  0.000000E+00 -0.671325E+06
  0.125511E+05  0.000000E+00  0.602915E+04  0.000000E+00  0.226831E+06  0.000000E+00
  0.000000E+00 -0.166922E+05  0.000000E+00 -0.191630E+05  0.000000E+00  0.667689E+06
  0.191994E+06  0.000000E+00 -0.332268E+04  0.000000E+00 -0.354414E+06  0.000000E+00
  0.000000E+00 -0.158963E+03  0.000000E+00 -0.203533E+03  0.000000E+00  0.635602E+04
 0.5235988E+01
  0.103234E+06  0.000000E+00  0.754845E+04  0.000000E+00  0.189939E+06  0.000000E+00
  0.000000E+00  0.314877E+05  0.000000E+00  0.339684E+05  0.000000E+00 -0.125951E+07
 -0.238274E+05  0.000000E+00  0.652045E+04  0.000000E+00  0.286698E+06  0.000000E+00
  0.000000E+00 -0.315615E+05  0.000000E+00 -0.340656E+05  0.000000E+00  0.126246E+07
  0.107893E+06  0.000000E+00  0.823315E+04  0.000000E+00  0.212635E+06  0.000000E+00
  0.000000E+00 -0.123277E+04  0.000000E+00 -0.133685E+04  0.000000E+00  0.492948E+05
 0.5026548E+01
 -0.123072E+05  0.000000E+00  0.131971E+05  0.000000E+00  0.539960E+06  0.000000E+00
  0.000000E+00  0.362653E+05  0.000000E+00  0.364560E+05  0.000000E+00 -0.145061E+07
 -0.459081E+05  0.000000E+00  0.549498E+04  0.000000E+00  0.265944E+06  0.000000E+00
  0.000000E+00 -0.360802E+05  0.000000E+00 -0.362381E+05  0.000000E+00  0.144321E+07
 -0.140617E+05  0.000000E+00  0.143979E+05  0.000000E+00  0.590233E+06  0.000000E+00
  0.000000E+00 -0.272297E+04  0.000000E+00 -0.273818E+04  0.000000E+00  0.108924E+06
 0.4833220E+01
 -0.110286E+06  0.000000E+00  0.139420E+05  0.000000E+00  0.659954E+06  0.000000E+00
  0.000000E+00  0.294513E+05  0.000000E+00  0.273308E+05  0.000000E+00 -0.117805E+07
 -0.517291E+05  0.000000E+00  0.371440E+04  0.000000E+00  0.197037E+06  0.000000E+00
  0.000000E+00 -0.290316E+05  0.000000E+00 -0.270462E+05  0.000000E+00  0.116126E+07
 -0.115680E+06  0.000000E+00  0.144974E+05  0.000000E+00  0.687362E+06  0.000000E+00
  0.000000E+00 -0.422650E+04  0.000000E+00 -0.394617E+04  0.000000E+00  0.169062E+06
 0.4654212E+01
 -0.175700E+06  0.000000E+00  0.118581E+05  0.000000E+00  0.623909E+06  0.000000E+00
  0.000000E+00  0.142102E+05  0.000000E+00  0.120660E+05  0.000000E+00 -0.568410E+06
 -0.477339E+05  0.000000E+00  0.238451E+04  0.000000E+00  0.136415E+06  0.000000E+00
  0.000000E+00 -0.139820E+05  0.000000E+00 -0.119459E+05  0.000000E+00  0.559282E+06
 -0.182701E+06  0.000000E+00  0.121806E+05  0.000000E+00  0.643078E+06  0.000000E+00
  0.000000E+00 -0.512427E+04  0.000000E+00 -0.437515E+04  0.000000E+00  0.204971E+06
 0.4487990E+01
 -0.199441E+06  0.000000E+00  0.811003E+04  0.000000E+00  0.478168E+06  0.000000E+00
  0.000000E+00 -0.333025E+04  0.000000E+00 -0.262508E+04  0.000000E+00  0.133210E+06
 -0.359354E+05  0.000000E+00  0.119907E+04  0.000000E+00  0.759205E+05  0.000000E+00
  0.000000E+00  0.294520E+04  0.000000E+00  0.231853E+04  0.000000E+00 -0.117808E+06
 -0.206248E+06  0.000000E+00  0.862056E+04  0.000000E+00  0.503512E+06  0.000000E+00
  0.000000E+00 -0.468729E+04  0.000000E+00 -0.362646E+04  0.000000E+00  0.187472E+06
 0.4333231E+01
 -0.163943E+06  0.000000E+00  0.330376E+04  0.000000E+00  0.244631E+06  0.000000E+00
  0.000000E+00 -0.169182E+05  0.000000E+00 -0.117002E+05  0.000000E+00  0.676724E+06
 -0.168787E+05  0.000000E+00  0.146239E+03  0.000000E+00  0.178896E+05  0.000000E+00
  0.000000E+00  0.157148E+05  0.000000E+00  0.108230E+05  0.000000E+00 -0.628586E+06
 -0.168675E+06  0.000000E+00  0.358260E+04  0.000000E+00  0.258612E+06  0.000000E+00
  0.000000E+00 -0.246758E+04  0.000000E+00 -0.167892E+04  0.000000E+00  0.986630E+05
 0.4188790E+01
 -0.703530E+05  0.000000E+00 -0.144546E+04  0.000000E+00 -0.155767E+05  0.000000E+00
  0.000000E+00 -0.225900E+05  0.000000E+00 -0.136724E+05  0.000000E+00  0.903600E+06
  0.458081E+04  0.000000E+00 -0.227159E+03  0.000000E+00 -0.112611E+05  0.000000E+00
  0.000000E+00  0.207795E+05  0.000000E+00  0.125730E+05  0.000000E+00 -0.831182E+06
 -0.715818E+05  0.000000E+00 -0.119756E+04  0.000000E+00 -0.398720E+04  0.000000E+00
  0.000000E+00  0.147195E+04  0.000000E+00  0.859014E+03  0.000000E+00 -0.588718E+05
 0.4053668E+01
  0.411278E+05  0.000000E+00 -0.418026E+04  0.000000E+00 -0.188796E+06  0.000000E+00
  0.000000E+00 -0.197938E+05  0.000000E+00 -0.103217E+05  0.000000E+00  0.791752E+06
  0.200739E+05  0.000000E+00 -0.269729E+03  0.000000E+00 -0.205194E+05  0.000000E+00
  0.000000E+00  0.180237E+05  0.000000E+00  0.940390E+04  0.000000E+00 -0.720947E+06
  0.438954E+05  0.000000E+00 -0.374073E+04  0.000000E+00 -0.172155E+06  0.000000E+00
  0.000000E+00  0.620480E+04  0.000000E+00  0.321344E+04  0.000000E+00 -0.248221E+06
 0.3926991E+01
  0.111966E+06  0.000000E+00 -0.433441E+04  0.000000E+00 -0.222076E+06  0.000000E+00
  0.000000E+00 -0.109428E+05  0.000000E+00 -0.476897E+04  0.000000E+00  0.437713E+06
  0.237789E+05  0.000000E+00  0.100805E+02  0.000000E+00 -0.902727E+04  0.000000E+00
  0.000000E+00  0.985461E+04  0.000000E+00  0.420582E+04  0.000000E+00 -0.394188E+06
  0.117418E+06  0.000000E+00 -0.420348E+04  0.000000E+00 -0.218729E+06  0.000000E+00
  0.000000E+00  0.101054E+05  0.000000E+00  0.436972E+04  0.000000E+00 -0.404194E+06
 0.3807991E+01
  0.126187E+06  0.000000E+00 -0.323092E+04  0.000000E+00 -0.172965E+06  0.000000E+00
  0.000000E+00 -0.965167E+02  0.000000E+00 -0.474418E+02  0.000000E+00  0.386375E+04
  0.190953E+05  0.000000E+00  0.419367E+03  0.000000E+00  0.111587E+05  0.000000E+00
  0.000000E+00  0.101547E+03  0.000000E+00 -0.129026E+03  0.000000E+00 -0.406530E+04
  0.132008E+06  0.000000E+00 -0.352136E+04  0.000000E+00 -0.184492E+06  0.000000E+00
  0.000000E+00  0.111440E+05  0.000000E+00  0.383083E+04  0.000000E+00 -0.445763E+06
 0.3695992E+01
  0.110038E+06  0.000000E+00 -0.199826E+04  0.000000E+00 -0.107983E+06  0.000000E+00
  0.000000E+00  0.852840E+04  0.000000E+00  0.218092E+04  0.000000E+00 -0.341138E+06
  0.122527E+05  0.000000E+00  0.683207E+03  0.000000E+00  0.250899E+05  0.000000E+00
  0.000000E+00 -0.748515E+04  0.000000E+00 -0.201836E+04  0.000000E+00  0.299408E+06
  0.115187E+06  0.000000E+00 -0.182564E+04  0.000000E+00 -0.102428E+06  0.000000E+00
  0.000000E+00  0.790037E+04  0.000000E+00  0.202446E+04  0.000000E+00 -0.316055E+06
 0.3590392E+01
  0.779126E+05  0.000000E+00 -0.839855E+03  0.000000E+00 -0.466520E+05  0.000000E+00
  0.000000E+00  0.121077E+05  0.000000E+00  0.202411E+04  0.000000E+00 -0.484308E+06
  0.488879E+04  0.000000E+00  0.898631E+03  0.000000E+00  0.361800E+05  0.000000E+00
  0.000000E+00 -0.105536E+05  0.000000E+00 -0.195510E+04  0.000000E+00  0.422144E+06
  0.806676E+05  0.000000E+00 -0.739487E+03  0.000000E+00 -0.436139E+05  0.000000E+00
  0.000000E+00  0.527685E+03  0.000000E+00  0.828277E+02  0.000000E+00 -0.211551E+05
 0.3490659E+01
  0.151495E+05  0.000000E+00  0.307930E+03  0.000000E+00  0.110370E+05  0.000000E+00
  0.000000E+00  0.101096E+05  0.000000E+00  0.817349E+03  0.000000E+00 -0.404385E+06
 -0.416680E+04  0.000000E+00  0.105511E+04  0.000000E+00  0.438095E+05  0.000000E+00
  0.000000E+00 -0.882210E+04  0.000000E+00 -0.938148E+03  0.000000E+00  0.352884E+06
  0.124799E+05  0.000000E+00  0.346880E+03  0.000000E+00  0.130904E+05  0.000000E+00
  0.000000E+00 -0.871487E+04  0.000000E+00 -0.729096E+03  0.000000E+00  0.348628E+06
 0.3396317E+01
 -0.574457E+05  0.000000E+00  0.931083E+03  0.000000E+00  0.369987E+05  0.000000E+00
  0.000000E+00  0.433027E+04  0.000000E+00 -0.494959E+02  0.000000E+00 -0.173212E+06
 -0.980814E+04  0.000000E+00  0.107450E+04  0.000000E+00  0.443864E+05  0.000000E+00
  0.000000E+00 -0.383281E+04  0.000000E+00 -0.115987E+03  0.000000E+00  0.153314E+06
 -0.652090E+05  0.000000E+00  0.125359E+04  0.000000E+00  0.502424E+05  0.000000E+00
  0.000000E+00 -0.159641E+05  0.000000E+00  0.509670E+02  0.000000E+00  0.638558E+06
 0.3306940E+01
 -0.749852E+05  0.000000E+00  0.823716E+03  0.000000E+00  0.260951E+05  0.000000E+00
  0.000000E+00 -0.198042E+04  0.000000E+00  0.145801E+03  0.000000E+00  0.792202E+05
 -0.818865E+04  0.000000E+00  0.107830E+04  0.000000E+00  0.437560E+05  0.000000E+00
  0.000000E+00  0.159451E+04  0.000000E+00 -0.215598E+03  0.000000E+00 -0.637824E+05
 -0.823829E+05  0.000000E+00  0.123932E+04  0.000000E+00  0.409606E+05  0.000000E+00
  0.000000E+00 -0.168094E+05  0.000000E+00  0.150439E+04  0.000000E+00  0.672368E+06
 0.3222147E+01
 -0.701116E+05  0.000000E+00  0.584312E+03  0.000000E+00  0.105895E+05  0.000000E+00
  0.000000E+00 -0.565743E+04  0.000000E+00  0.101694E+04  0.000000E+00  0.226297E+06
 -0.551333E+04  0.000000E+00  0.109181E+04  0.000000E+00  0.436650E+05  0.000000E+00
  0.000000E+00  0.481025E+04  0.000000E+00 -0.915265E+03  0.000000E+00 -0.192410E+06
 -0.758511E+05  0.000000E+00  0.808222E+03  0.000000E+00  0.195299E+05  0.000000E+00
  0.000000E+00 -0.917155E+04  0.000000E+00  0.164662E+04  0.000000E+00  0.366860E+06
 0.3141593E+01
 -0.593012E+05  0.000000E+00  0.386415E+03  0.000000E+00  0.168192E+03  0.000000E+00
  0.000000E+00 -0.550494E+04  0.000000E+00  0.145937E+04  0.000000E+00  0.220196E+06
 -0.291675E+04  0.000000E+00  0.109188E+04  0.000000E+00  0.438114E+05  0.000000E+00
  0.000000E+00  0.475892E+04  0.000000E+00 -0.126820E+04  0.000000E+00 -0.190357E+06
 -0.620704E+05  0.000000E+00  0.680166E+03  0.000000E+00  0.119434E+05  0.000000E+00
  0.000000E+00  0.484414E+04  0.000000E+00 -0.126008E+04  0.000000E+00 -0.193746E+06
 0.1256637E+03
  0.320322E+06  0.000000E+00  0.352790E+02  0.000000E+00  0.231961E+06  0.000000E+00
  0.000000E+00  0.320311E+06  0.000000E+00 -0.231948E+06  0.000000E+00  0.549316E-01
  0.537988E+02  0.000000E+00  0.413011E+06  0.000000E+00  0.668081E+02  0.000000E+00
  0.000000E+00 -0.229209E+06  0.000000E+00  0.151009E+07  0.000000E+00  0.417874E+00
  0.229215E+06  0.000000E+00  0.277061E+02  0.000000E+00  0.151010E+07  0.000000E+00
  0.000000E+00  0.515844E+00  0.000000E+00 -0.808802E+00  0.000000E+00  0.196464E+07
 0.6283186E+02
  0.321005E+06  0.000000E+00  0.344257E+02  0.000000E+00  0.232871E+06  0.000000E+00
  0.000000E+00  0.320995E+06  0.000000E+00 -0.232859E+06  0.000000E+00  0.120850E+00
  0.535972E+02  0.000000E+00  0.416504E+06  0.000000E+00  0.668794E+02  0.000000E+00
  0.000000E+00 -0.230122E+06  0.000000E+00  0.151057E+07  0.000000E+00  0.348460E+00
  0.230126E+06  0.000000E+00  0.256484E+02  0.000000E+00  0.151058E+07  0.000000E+00
  0.000000E+00  0.620039E+00  0.000000E+00 -0.907728E+00  0.000000E+00  0.196578E+07
 0.4188790E+02
  0.323915E+06  0.000000E+00  0.639080E+02  0.000000E+00  0.236466E+06  0.000000E+00
  0.000000E+00  0.323893E+06  0.000000E+00 -0.236438E+06  0.000000E+00  0.329590E-01
  0.502770E+02  0.000000E+00  0.419357E+06  0.000000E+00  0.624639E+02  0.000000E+00
  0.000000E+00 -0.235029E+06  0.000000E+00  0.150849E+07  0.000000E+00  0.447467E+00
  0.235058E+06  0.000000E+00  0.820869E+02  0.000000E+00  0.150853E+07  0.000000E+00
  0.000000E+00  0.670586E-01  0.000000E+00 -0.197567E+00  0.000000E+00  0.198469E+07
 0.3141593E+02
  0.325937E+06  0.000000E+00  0.302739E+02  0.000000E+00  0.237918E+06  0.000000E+00
  0.000000E+00  0.325930E+06  0.000000E+00 -0.237909E+06  0.000000E+00  0.781250E-01
  0.515497E+02  0.000000E+00  0.422067E+06  0.000000E+00  0.643345E+02  0.000000E+00
  0.000000E+00 -0.236654E+06  0.000000E+00  0.150877E+07  0.000000E+00  0.342663E+00
  0.236654E+06  0.000000E+00  0.180293E+02  0.000000E+00  0.150876E+07  0.000000E+00
  0.000000E+00  0.757464E+00  0.000000E+00 -0.939541E+00  0.000000E+00  0.199100E+07
 0.2513274E+02
  0.328380E+06  0.000000E+00  0.279254E+02  0.000000E+00  0.240880E+06  0.000000E+00
  0.000000E+00  0.328375E+06  0.000000E+00 -0.240874E+06  0.000000E+00  0.249512E+00
  0.494254E+02  0.000000E+00  0.422838E+06  0.000000E+00  0.611504E+02  0.000000E+00
  0.000000E+00 -0.239938E+06  0.000000E+00  0.150859E+07  0.000000E+00  0.192341E+00
  0.239936E+06  0.000000E+00  0.142480E+02  0.000000E+00  0.150858E+07  0.000000E+00
  0.000000E+00  0.734373E+00  0.000000E+00 -0.993587E+00  0.000000E+00  0.199732E+07
 0.2094395E+02
  0.331567E+06  0.000000E+00  0.643428E+02  0.000000E+00  0.244779E+06  0.000000E+00
  0.000000E+00  0.331553E+06  0.000000E+00 -0.244761E+06  0.000000E+00  0.133789E+00
  0.507729E+02  0.000000E+00  0.422382E+06  0.000000E+00  0.593838E+02  0.000000E+00
  0.000000E+00 -0.243733E+06  0.000000E+00  0.151429E+07  0.000000E+00  0.308788E+00
  0.243752E+06  0.000000E+00  0.804902E+02  0.000000E+00  0.151431E+07  0.000000E+00
  0.000000E+00  0.324944E+00  0.000000E+00 -0.348133E+00  0.000000E+00  0.200568E+07
 0.1795196E+02
  0.335884E+06  0.000000E+00  0.890000E+02  0.000000E+00  0.249170E+06  0.000000E+00
  0.000000E+00  0.335875E+06  0.000000E+00 -0.249161E+06  0.000000E+00  0.239258E+00
  0.705856E+02  0.000000E+00  0.420167E+06  0.000000E+00  0.793867E+02  0.000000E+00
  0.000000E+00 -0.248208E+06  0.000000E+00  0.151950E+07  0.000000E+00  0.755204E-01
  0.248223E+06  0.000000E+00  0.122999E+03  0.000000E+00  0.151951E+07  0.000000E+00
  0.000000E+00 -0.206419E+00  0.000000E+00  0.413500E+00  0.000000E+00  0.201246E+07
 0.1570796E+02
  0.339425E+06  0.000000E+00  0.612236E+02  0.000000E+00  0.253065E+06  0.000000E+00
  0.000000E+00  0.339448E+06  0.000000E+00 -0.253092E+06  0.000000E+00  0.528320E+00
  0.973707E+02  0.000000E+00  0.415669E+06  0.000000E+00  0.117693E+03  0.000000E+00
  0.000000E+00 -0.252048E+06  0.000000E+00  0.152273E+07  0.000000E+00 -0.706277E-01
  0.252010E+06  0.000000E+00  0.443828E+02  0.000000E+00  0.152268E+07  0.000000E+00
  0.000000E+00  0.152864E+01  0.000000E+00 -0.171559E+01  0.000000E+00  0.200986E+07
 0.1396263E+02
  0.345777E+06  0.000000E+00  0.238276E+03  0.000000E+00  0.259898E+06  0.000000E+00
  0.000000E+00  0.345781E+06  0.000000E+00 -0.259906E+06  0.000000E+00  0.531250E+00
  0.187454E+03  0.000000E+00  0.409347E+06  0.000000E+00  0.225171E+03  0.000000E+00
  0.000000E+00 -0.259088E+06  0.000000E+00  0.152996E+07  0.000000E+00 -0.296985E+00
  0.259087E+06  0.000000E+00  0.309833E+03  0.000000E+00  0.152996E+07  0.000000E+00
  0.000000E+00  0.106506E+00  0.000000E+00 -0.214584E+00  0.000000E+00  0.202121E+07
 0.1256637E+02
  0.350993E+06  0.000000E+00  0.335795E+03  0.000000E+00  0.265845E+06  0.000000E+00
  0.000000E+00  0.351018E+06  0.000000E+00 -0.265874E+06  0.000000E+00  0.624023E+00
  0.357442E+03  0.000000E+00  0.401668E+06  0.000000E+00  0.438185E+03  0.000000E+00
  0.000000E+00 -0.264445E+06  0.000000E+00  0.153831E+07  0.000000E+00 -0.290044E+00
  0.264405E+06  0.000000E+00  0.381718E+03  0.000000E+00  0.153826E+07  0.000000E+00
  0.000000E+00  0.185789E+01  0.000000E+00 -0.235187E+01  0.000000E+00  0.201374E+07
 0.1142397E+02
  0.359846E+06  0.000000E+00  0.654948E+03  0.000000E+00  0.275076E+06  0.000000E+00
  0.000000E+00  0.359796E+06  0.000000E+00 -0.275019E+06  0.000000E+00  0.857910E+00
  0.651464E+03  0.000000E+00  0.392284E+06  0.000000E+00  0.790715E+03  0.000000E+00
  0.000000E+00 -0.273628E+06  0.000000E+00  0.155004E+07  0.000000E+00 -0.622501E+00
  0.273694E+06  0.000000E+00  0.803085E+03  0.000000E+00  0.155011E+07  0.000000E+00
  0.000000E+00  0.153187E+00  0.000000E+00  0.178089E+00  0.000000E+00  0.202809E+07
 0.1047198E+02
  0.367916E+06  0.000000E+00  0.101365E+04  0.000000E+00  0.283939E+06  0.000000E+00
  0.000000E+00  0.367649E+06  0.000000E+00 -0.283616E+06  0.000000E+00  0.780273E+00
  0.101064E+04  0.000000E+00  0.380272E+06  0.000000E+00  0.122205E+04  0.000000E+00
  0.000000E+00 -0.282272E+06  0.000000E+00  0.155552E+07  0.000000E+00 -0.490861E+00
  0.282588E+06  0.000000E+00  0.120908E+04  0.000000E+00  0.155590E+07  0.000000E+00
  0.000000E+00  0.147401E+01  0.000000E+00 -0.156086E+01  0.000000E+00  0.202451E+07
 0.9666439E+01
  0.378664E+06  0.000000E+00  0.124937E+04  0.000000E+00  0.295554E+06  0.000000E+00
  0.000000E+00  0.377902E+06  0.000000E+00 -0.294642E+06  0.000000E+00  0.691650E+00
  0.124167E+04  0.000000E+00  0.368679E+06  0.000000E+00  0.148496E+04  0.000000E+00
  0.000000E+00 -0.292789E+06  0.000000E+00  0.157108E+07  0.000000E+00 -0.282058E+00
  0.293691E+06  0.000000E+00  0.147741E+04  0.000000E+00  0.157215E+07  0.000000E+00
  0.000000E+00  0.124964E+01  0.000000E+00 -0.126419E+01  0.000000E+00  0.203126E+07
 0.8975979E+01
  0.391311E+06  0.000000E+00  0.955421E+03  0.000000E+00  0.308783E+06  0.000000E+00
  0.000000E+00  0.389736E+06  0.000000E+00 -0.306920E+06  0.000000E+00  0.321533E+00
  0.952021E+03  0.000000E+00  0.354608E+06  0.000000E+00  0.112418E+04  0.000000E+00
  0.000000E+00 -0.305623E+06  0.000000E+00  0.157982E+07  0.000000E+00 -0.339351E-01
  0.307471E+06  0.000000E+00  0.111895E+04  0.000000E+00  0.158200E+07  0.000000E+00
  0.000000E+00  0.395039E+00  0.000000E+00 -0.538303E+00  0.000000E+00  0.204176E+07
 0.8377580E+01
  0.403090E+06  0.000000E+00 -0.336196E+03  0.000000E+00  0.321485E+06  0.000000E+00
  0.000000E+00  0.400716E+06  0.000000E+00 -0.318708E+06  0.000000E+00 -0.302490E+00
 -0.336787E+03  0.000000E+00  0.342794E+06  0.000000E+00 -0.402907E+03  0.000000E+00
  0.000000E+00 -0.316234E+06  0.000000E+00  0.159672E+07  0.000000E+00  0.968926E+00
  0.318983E+06  0.000000E+00 -0.398643E+03  0.000000E+00  0.159993E+07  0.000000E+00
  0.000000E+00 -0.304981E+00  0.000000E+00  0.388653E+00  0.000000E+00  0.203819E+07
 0.7853982E+01
  0.415621E+06  0.000000E+00 -0.276036E+04  0.000000E+00  0.333616E+06  0.000000E+00
  0.000000E+00  0.413528E+06  0.000000E+00 -0.331204E+06  0.000000E+00 -0.216968E+01
 -0.275011E+04  0.000000E+00  0.330701E+06  0.000000E+00 -0.319588E+04  0.000000E+00
  0.000000E+00 -0.329424E+06  0.000000E+00  0.160379E+07  0.000000E+00  0.311193E+01
  0.331810E+06  0.000000E+00 -0.317619E+04  0.000000E+00  0.160653E+07  0.000000E+00
  0.000000E+00 -0.226682E+01  0.000000E+00  0.255464E+01  0.000000E+00  0.204631E+07
 0.7391983E+01
  0.426217E+06  0.000000E+00 -0.542714E+04  0.000000E+00  0.343657E+06  0.000000E+00
  0.000000E+00  0.427160E+06  0.000000E+00 -0.344758E+06  0.000000E+00 -0.611792E+01
 -0.540063E+04  0.000000E+00  0.323215E+06  0.000000E+00 -0.617210E+04  0.000000E+00
  0.000000E+00 -0.342529E+06  0.000000E+00  0.162204E+07  0.000000E+00  0.721113E+01
  0.341440E+06  0.000000E+00 -0.614527E+04  0.000000E+00  0.162077E+07  0.000000E+00
  0.000000E+00 -0.636287E+01  0.000000E+00  0.702219E+01  0.000000E+00  0.205780E+07
 0.6981317E+01
  0.431613E+06  0.000000E+00 -0.618912E+04  0.000000E+00  0.348491E+06  0.000000E+00
  0.000000E+00  0.438869E+06  0.000000E+00 -0.356719E+06  0.000000E+00 -0.112576E+02
 -0.615977E+04  0.000000E+00  0.316571E+06  0.000000E+00 -0.694952E+04  0.000000E+00
  0.000000E+00 -0.354562E+06  0.000000E+00  0.162962E+07  0.000000E+00  0.128987E+02
  0.346410E+06  0.000000E+00 -0.692060E+04  0.000000E+00  0.162037E+07  0.000000E+00
  0.000000E+00 -0.108265E+02  0.000000E+00  0.119463E+02  0.000000E+00  0.206559E+07
 0.6613879E+01
  0.433877E+06  0.000000E+00 -0.303187E+04  0.000000E+00  0.349054E+06  0.000000E+00
  0.000000E+00  0.447239E+06  0.000000E+00 -0.364022E+06  0.000000E+00 -0.150891E+02
 -0.301993E+04  0.000000E+00  0.311876E+06  0.000000E+00 -0.334424E+04  0.000000E+00
  0.000000E+00 -0.361276E+06  0.000000E+00  0.163572E+07  0.000000E+00  0.168680E+02
  0.346480E+06  0.000000E+00 -0.332017E+04  0.000000E+00  0.161914E+07  0.000000E+00
  0.000000E+00 -0.146017E+02  0.000000E+00  0.159858E+02  0.000000E+00  0.206668E+07
 0.6283185E+01
  0.440070E+06  0.000000E+00  0.371010E+04  0.000000E+00  0.354083E+06  0.000000E+00
  0.000000E+00  0.451914E+06  0.000000E+00 -0.367139E+06  0.000000E+00 -0.125117E+02
  0.368708E+04  0.000000E+00  0.307777E+06  0.000000E+00  0.413980E+04  0.000000E+00
  0.000000E+00 -0.363716E+06  0.000000E+00  0.164077E+07  0.000000E+00  0.142263E+02
  0.350821E+06  0.000000E+00  0.411463E+04  0.000000E+00  0.162655E+07  0.000000E+00
  0.000000E+00 -0.113752E+02  0.000000E+00  0.127208E+02  0.000000E+00  0.207290E+07
 0.5983986E+01
  0.455587E+06  0.000000E+00  0.106047E+05  0.000000E+00  0.369686E+06  0.000000E+00
  0.000000E+00  0.452085E+06  0.000000E+00 -0.365730E+06  0.000000E+00  0.270727E+01
  0.105325E+05  0.000000E+00  0.300001E+06  0.000000E+00  0.115833E+05  0.000000E+00
  0.000000E+00 -0.363289E+06  0.000000E+00  0.163170E+07  0.000000E+00 -0.195463E+01
  0.367208E+06  0.000000E+00  0.115391E+05  0.000000E+00  0.163612E+07  0.000000E+00
  0.000000E+00  0.335121E+01  0.000000E+00 -0.313236E+01  0.000000E+00  0.208954E+07
 0.5711987E+01
  0.472679E+06  0.000000E+00  0.117491E+05  0.000000E+00  0.386495E+06  0.000000E+00
  0.000000E+00  0.444944E+06  0.000000E+00 -0.356302E+06  0.000000E+00  0.292498E+02
  0.116640E+05  0.000000E+00  0.291976E+06  0.000000E+00  0.126446E+05  0.000000E+00
  0.000000E+00 -0.353617E+06  0.000000E+00  0.162191E+07  0.000000E+00 -0.296143E+02
  0.383483E+06  0.000000E+00  0.125970E+05  0.000000E+00  0.165442E+07  0.000000E+00
  0.000000E+00  0.295400E+02  0.000000E+00 -0.304806E+02  0.000000E+00  0.209748E+07
 0.5463640E+01
  0.466354E+06  0.000000E+00  0.266547E+04  0.000000E+00  0.377805E+06  0.000000E+00
  0.000000E+00  0.431420E+06  0.000000E+00 -0.340314E+06  0.000000E+00  0.469123E+02
  0.265238E+04  0.000000E+00  0.285632E+06  0.000000E+00  0.278001E+04  0.000000E+00
  0.000000E+00 -0.337091E+06  0.000000E+00  0.160858E+07  0.000000E+00 -0.476204E+02
  0.374126E+06  0.000000E+00  0.275905E+04  0.000000E+00  0.164832E+07  0.000000E+00
  0.000000E+00  0.470613E+02  0.000000E+00 -0.489790E+02  0.000000E+00  0.210708E+07
 0.5235988E+01
  0.414669E+06  0.000000E+00 -0.100645E+05  0.000000E+00  0.321764E+06  0.000000E+00
  0.000000E+00  0.412136E+06  0.000000E+00 -0.319290E+06  0.000000E+00  0.282070E+02
 -0.997253E+04  0.000000E+00  0.281002E+06  0.000000E+00 -0.106994E+05  0.000000E+00
  0.000000E+00 -0.317060E+06  0.000000E+00  0.157990E+07  0.000000E+00 -0.286854E+02
  0.319505E+06  0.000000E+00 -0.106886E+05  0.000000E+00  0.158227E+07  0.000000E+00
  0.000000E+00  0.293610E+02  0.000000E+00 -0.304428E+02  0.000000E+00  0.212334E+07
 0.5026548E+01
  0.349019E+06  0.000000E+00 -0.129434E+05  0.000000E+00  0.251435E+06  0.000000E+00
  0.000000E+00  0.386395E+06  0.000000E+00 -0.291224E+06  0.000000E+00 -0.241541E+02
 -0.127943E+05  0.000000E+00  0.281770E+06  0.000000E+00 -0.135726E+05  0.000000E+00
  0.000000E+00 -0.289392E+06  0.000000E+00  0.154980E+07  0.000000E+00  0.237618E+02
  0.250087E+06  0.000000E+00 -0.135672E+05  0.000000E+00  0.150796E+07  0.000000E+00
  0.000000E+00 -0.231234E+02  0.000000E+00  0.224738E+02  0.000000E+00  0.213642E+07
 0.4833220E+01
  0.314808E+06  0.000000E+00 -0.516821E+04  0.000000E+00  0.215893E+06  0.000000E+00
  0.000000E+00  0.355815E+06  0.000000E+00 -0.258987E+06  0.000000E+00 -0.589109E+02
 -0.511370E+04  0.000000E+00  0.284905E+06  0.000000E+00 -0.532912E+04  0.000000E+00
  0.000000E+00 -0.257212E+06  0.000000E+00  0.152180E+07  0.000000E+00  0.576348E+02
  0.214619E+06  0.000000E+00 -0.532500E+04  0.000000E+00  0.147704E+07  0.000000E+00
  0.000000E+00 -0.589224E+02  0.000000E+00  0.577755E+02  0.000000E+00  0.215054E+07
 0.4654212E+01
  0.314972E+06  0.000000E+00  0.485475E+04  0.000000E+00  0.218064E+06  0.000000E+00
  0.000000E+00  0.322682E+06  0.000000E+00 -0.225912E+06  0.000000E+00 -0.372979E+02
  0.479316E+04  0.000000E+00  0.286454E+06  0.000000E+00  0.508658E+04  0.000000E+00
  0.000000E+00 -0.224393E+06  0.000000E+00  0.148732E+07  0.000000E+00  0.364351E+02
  0.216628E+06  0.000000E+00  0.509288E+04  0.000000E+00  0.147942E+07  0.000000E+00
  0.000000E+00 -0.368335E+02  0.000000E+00  0.359343E+02  0.000000E+00  0.216730E+07
 0.4487990E+01
  0.321580E+06  0.000000E+00  0.950380E+04  0.000000E+00  0.226342E+06  0.000000E+00
  0.000000E+00  0.289760E+06  0.000000E+00 -0.192852E+06  0.000000E+00  0.527783E+01
  0.937358E+04  0.000000E+00  0.286129E+06  0.000000E+00  0.982614E+04  0.000000E+00
  0.000000E+00 -0.192114E+06  0.000000E+00  0.144971E+07  0.000000E+00 -0.425317E+01
  0.225234E+06  0.000000E+00  0.985338E+04  0.000000E+00  0.148456E+07  0.000000E+00
  0.000000E+00  0.533793E+01  0.000000E+00 -0.496222E+01  0.000000E+00  0.218879E+07
 0.4333231E+01
  0.297124E+06  0.000000E+00  0.551772E+04  0.000000E+00  0.201950E+06  0.000000E+00
  0.000000E+00  0.258054E+06  0.000000E+00 -0.161138E+06  0.000000E+00  0.550781E+00
  0.543338E+04  0.000000E+00  0.285546E+06  0.000000E+00  0.564644E+04  0.000000E+00
  0.000000E+00 -0.160935E+06  0.000000E+00  0.142031E+07  0.000000E+00  0.459032E+00
  0.201283E+06  0.000000E+00  0.566972E+04  0.000000E+00  0.146245E+07  0.000000E+00
  0.000000E+00 -0.497944E+00  0.000000E+00  0.105700E+01  0.000000E+00  0.221038E+07
 0.4188790E+01
  0.235398E+06  0.000000E+00 -0.234073E+04  0.000000E+00  0.139184E+06  0.000000E+00
  0.000000E+00  0.228220E+06  0.000000E+00 -0.131977E+06  0.000000E+00 -0.266992E+01
 -0.229395E+04  0.000000E+00  0.286005E+06  0.000000E+00 -0.245291E+04  0.000000E+00
  0.000000E+00 -0.131970E+06  0.000000E+00  0.139815E+07  0.000000E+00  0.364079E+01
  0.139107E+06  0.000000E+00 -0.246962E+04  0.000000E+00  0.140530E+07  0.000000E+00
  0.000000E+00 -0.440129E+01  0.000000E+00  0.500835E+01  0.000000E+00  0.223271E+07
 0.4053668E+01
  0.175884E+06  0.000000E+00 -0.584741E+04  0.000000E+00  0.800978E+05  0.000000E+00
  0.000000E+00  0.201308E+06  0.000000E+00 -0.107007E+06  0.000000E+00  0.952212E+02
 -0.572918E+04  0.000000E+00  0.287688E+06  0.000000E+00 -0.602465E+04  0.000000E+00
  0.000000E+00 -0.106948E+06  0.000000E+00  0.137405E+07  0.000000E+00 -0.860471E+02
  0.803544E+05  0.000000E+00 -0.607541E+04  0.000000E+00  0.134591E+07  0.000000E+00
  0.000000E+00  0.941317E+02  0.000000E+00 -0.868035E+02  0.000000E+00  0.226238E+07
 0.3926991E+01
  0.151887E+06  0.000000E+00 -0.322607E+04  0.000000E+00  0.577098E+05  0.000000E+00
  0.000000E+00  0.177992E+06  0.000000E+00 -0.850330E+05  0.000000E+00  0.152909E+03
 -0.316550E+04  0.000000E+00  0.290079E+06  0.000000E+00 -0.328530E+04  0.000000E+00
  0.000000E+00 -0.855448E+05  0.000000E+00  0.134996E+07  0.000000E+00 -0.137965E+03
  0.584843E+05  0.000000E+00 -0.331658E+04  0.000000E+00  0.132164E+07  0.000000E+00
  0.000000E+00  0.151715E+03  0.000000E+00 -0.138943E+03  0.000000E+00  0.229611E+07
 0.3807991E+01
  0.151208E+06  0.000000E+00  0.683478E+03  0.000000E+00  0.588571E+05  0.000000E+00
  0.000000E+00  0.157525E+06  0.000000E+00 -0.651043E+05  0.000000E+00 -0.933027E+02
  0.637528E+03  0.000000E+00  0.292399E+06  0.000000E+00  0.738529E+03  0.000000E+00
  0.000000E+00 -0.664548E+05  0.000000E+00  0.133153E+07  0.000000E+00  0.825504E+02
  0.602728E+05  0.000000E+00  0.776570E+03  0.000000E+00  0.132544E+07  0.000000E+00
  0.000000E+00 -0.945408E+02  0.000000E+00  0.842485E+02  0.000000E+00  0.233535E+07
 0.3695992E+01
  0.152092E+06  0.000000E+00  0.281200E+04  0.000000E+00  0.631767E+05  0.000000E+00
  0.000000E+00  0.138741E+06  0.000000E+00 -0.485828E+05  0.000000E+00 -0.364656E+03
  0.272275E+04  0.000000E+00  0.294462E+06  0.000000E+00  0.292831E+04  0.000000E+00
  0.000000E+00 -0.497703E+05  0.000000E+00  0.131894E+07  0.000000E+00  0.321814E+03
  0.642002E+05  0.000000E+00  0.299256E+04  0.000000E+00  0.133469E+07  0.000000E+00
  0.000000E+00 -0.363072E+03  0.000000E+00  0.323320E+03  0.000000E+00  0.237443E+07
 0.3590392E+01
  0.145284E+06  0.000000E+00  0.271285E+04  0.000000E+00  0.580858E+05  0.000000E+00
  0.000000E+00  0.122381E+06  0.000000E+00 -0.336866E+05  0.000000E+00 -0.310845E+02
  0.261797E+04  0.000000E+00  0.296011E+06  0.000000E+00  0.276767E+04  0.000000E+00
  0.000000E+00 -0.351298E+05  0.000000E+00  0.131024E+07  0.000000E+00  0.304479E+02
  0.592498E+05  0.000000E+00  0.283386E+04  0.000000E+00  0.133593E+07  0.000000E+00
  0.000000E+00 -0.287814E+02  0.000000E+00  0.277646E+02  0.000000E+00  0.242791E+07
 0.3490659E+01
  0.117526E+06  0.000000E+00 -0.170966E+03  0.000000E+00  0.307153E+05  0.000000E+00
  0.000000E+00  0.108518E+06  0.000000E+00 -0.218476E+05  0.000000E+00  0.506383E+03
 -0.155784E+03  0.000000E+00  0.297379E+06  0.000000E+00 -0.266728E+03  0.000000E+00
  0.000000E+00 -0.230136E+05  0.000000E+00  0.129801E+07  0.000000E+00 -0.437609E+03
  0.318039E+05  0.000000E+00 -0.287405E+03  0.000000E+00  0.130658E+07  0.000000E+00
  0.000000E+00  0.504676E+03  0.000000E+00 -0.441973E+03  0.000000E+00  0.248151E+07
 0.3396317E+01
  0.773673E+05  0.000000E+00 -0.266863E+04  0.000000E+00 -0.102457E+05  0.000000E+00
  0.000000E+00  0.966615E+05  0.000000E+00 -0.111517E+05  0.000000E+00  0.162335E+03
 -0.253654E+04  0.000000E+00  0.298874E+06  0.000000E+00 -0.276077E+04  0.000000E+00
  0.000000E+00 -0.125773E+05  0.000000E+00  0.128662E+07  0.000000E+00 -0.143346E+03
 -0.868058E+04  0.000000E+00 -0.288840E+04  0.000000E+00  0.126308E+07  0.000000E+00
  0.000000E+00  0.156803E+03  0.000000E+00 -0.139148E+03  0.000000E+00  0.255376E+07
 0.3306940E+01
  0.676148E+05  0.000000E+00 -0.120789E+04  0.000000E+00 -0.183018E+05  0.000000E+00
  0.000000E+00  0.855463E+05  0.000000E+00 -0.676795E+03  0.000000E+00 -0.505045E+03
 -0.117644E+04  0.000000E+00  0.300596E+06  0.000000E+00 -0.119530E+04  0.000000E+00
  0.000000E+00 -0.269850E+04  0.000000E+00  0.127717E+07  0.000000E+00  0.432703E+03
 -0.161029E+05  0.000000E+00 -0.121340E+04  0.000000E+00  0.125733E+07  0.000000E+00
  0.000000E+00 -0.502819E+03  0.000000E+00  0.435760E+03  0.000000E+00  0.263086E+07
 0.3222147E+01
  0.764283E+05  0.000000E+00  0.834372E+03  0.000000E+00 -0.564402E+04  0.000000E+00
  0.000000E+00  0.756248E+05  0.000000E+00  0.759489E+04  0.000000E+00 -0.180108E+03
  0.732619E+03  0.000000E+00  0.302192E+06  0.000000E+00  0.886958E+03  0.000000E+00
  0.000000E+00  0.588057E+04  0.000000E+00  0.127064E+07  0.000000E+00  0.160356E+03
 -0.395083E+04  0.000000E+00  0.994439E+03  0.000000E+00  0.127391E+07  0.000000E+00
  0.000000E+00 -0.172694E+03  0.000000E+00  0.153107E+03  0.000000E+00  0.271680E+07
 0.3141593E+01
  0.870697E+05  0.000000E+00  0.175241E+04  0.000000E+00  0.696487E+04  0.000000E+00
  0.000000E+00  0.676364E+05  0.000000E+00  0.147705E+05  0.000000E+00  0.327120E+03
  0.157632E+04  0.000000E+00  0.303648E+06  0.000000E+00  0.171969E+04  0.000000E+00
  0.000000E+00  0.129330E+05  0.000000E+00  0.126493E+07  0.000000E+00 -0.278537E+03
  0.864258E+04  0.000000E+00  0.189654E+04  0.000000E+00  0.128898E+07  0.000000E+00
  0.000000E+00  0.323342E+03  0.000000E+00 -0.279081E+03  0.000000E+00  0.281173E+07
