                    2          1
             1               0.0000000              -5.0000000              -5.0000000
             2               0.0000000              -5.0000000              -4.2857141
             3               0.0000000              -5.0000000              -3.5714285
             4               0.0000000              -5.0000000              -2.8571429
             5               0.0000000              -5.0000000              -2.1428571
             6               0.0000000              -5.0000000              -1.4285715
             7               0.0000000              -5.0000000              -0.7142859
             8               0.0000000              -5.0000000               0.0000000
             9              -0.5000000              -4.5000000              -5.0000000
            10              -0.5000000              -4.5000000              -4.2857141
            11              -0.5000000              -4.5000000              -3.5714285
            12              -0.5000000              -4.5000000              -2.8571429
            13              -0.5000000              -4.5000000              -2.1428571
            14              -0.5000000              -4.5000000              -1.4285715
            15              -0.5000000              -4.5000000              -0.7142859
            16              -0.5000000              -4.5000000               0.0000000
            17              -1.0000000              -4.0000000              -5.0000000
            18              -1.0000000              -4.0000000              -4.2857141
            19              -1.0000000              -4.0000000              -3.5714285
            20              -1.0000000              -4.0000000              -2.8571429
            21              -1.0000000              -4.0000000              -2.1428571
            22              -1.0000000              -4.0000000              -1.4285715
            23              -1.0000000              -4.0000000              -0.7142859
            24              -1.0000000              -4.0000000               0.0000000
            25              -1.5000000              -3.5000000              -5.0000000
            26              -1.5000000              -3.5000000              -4.2857141
            27              -1.5000000              -3.5000000              -3.5714285
            28              -1.5000000              -3.5000000              -2.8571429
            29              -1.5000000              -3.5000000              -2.1428571
            30              -1.5000000              -3.5000000              -1.4285715
            31              -1.5000000              -3.5000000              -0.7142859
            32              -1.5000000              -3.5000000               0.0000000
            33              -2.0000000              -3.0000000              -5.0000000
            34              -2.0000000              -3.0000000              -4.2857141
            35              -2.0000000              -3.0000000              -3.5714285
            36              -2.0000000              -3.0000000              -2.8571429
            37              -2.0000000              -3.0000000              -2.1428571
            38              -2.0000000              -3.0000000              -1.4285715
            39              -2.0000000              -3.0000000              -0.7142859
            40              -2.0000000              -3.0000000               0.0000000
            41              -2.5000000              -2.5000000              -5.0000000
            42              -2.5000000              -2.5000000              -4.2857141
            43              -2.5000000              -2.5000000              -3.5714285
            44              -2.5000000              -2.5000000              -2.8571429
            45              -2.5000000              -2.5000000              -2.1428571
            46              -2.5000000              -2.5000000              -1.4285715
            47              -2.5000000              -2.5000000              -0.7142859
            48              -2.5000000              -2.5000000               0.0000000
            49              -3.0000000              -2.0000000              -5.0000000
            50              -3.0000000              -2.0000000              -4.2857141
            51              -3.0000000              -2.0000000              -3.5714285
            52              -3.0000000              -2.0000000              -2.8571429
            53              -3.0000000              -2.0000000              -2.1428571
            54              -3.0000000              -2.0000000              -1.4285715
            55              -3.0000000              -2.0000000              -0.7142859
            56              -3.0000000              -2.0000000               0.0000000
            57              -3.5000000              -1.5000000              -5.0000000
            58              -3.5000000              -1.5000000              -4.2857141
            59              -3.5000000              -1.5000000              -3.5714285
            60              -3.5000000              -1.5000000              -2.8571429
            61              -3.5000000              -1.5000000              -2.1428571
            62              -3.5000000              -1.5000000              -1.4285715
            63              -3.5000000              -1.5000000              -0.7142859
            64              -3.5000000              -1.5000000               0.0000000
            65              -4.0000000              -1.0000000              -5.0000000
            66              -4.0000000              -1.0000000              -4.2857141
            67              -4.0000000              -1.0000000              -3.5714285
            68              -4.0000000              -1.0000000              -2.8571429
            69              -4.0000000              -1.0000000              -2.1428571
            70              -4.0000000              -1.0000000              -1.4285715
            71              -4.0000000              -1.0000000              -0.7142859
            72              -4.0000000              -1.0000000               0.0000000
            73              -4.5000000              -0.5000000              -5.0000000
            74              -4.5000000              -0.5000000              -4.2857141
            75              -4.5000000              -0.5000000              -3.5714285
            76              -4.5000000              -0.5000000              -2.8571429
            77              -4.5000000              -0.5000000              -2.1428571
            78              -4.5000000              -0.5000000              -1.4285715
            79              -4.5000000              -0.5000000              -0.7142859
            80              -4.5000000              -0.5000000               0.0000000
            81              -5.0000000               0.0000000              -5.0000000
            82              -5.0000000               0.0000000              -4.2857141
            83              -5.0000000               0.0000000              -3.5714285
            84              -5.0000000               0.0000000              -2.8571429
            85              -5.0000000               0.0000000              -2.1428571
            86              -5.0000000               0.0000000              -1.4285715
            87              -5.0000000               0.0000000              -0.7142859
            88              -5.0000000               0.0000000               0.0000000
            89               5.0000000               0.0000000              -5.0000000
            90               5.0000000               0.0000000              -4.2857141
            91               5.0000000               0.0000000              -3.5714285
            92               5.0000000               0.0000000              -2.8571429
            93               5.0000000               0.0000000              -2.1428571
            94               5.0000000               0.0000000              -1.4285715
            95               5.0000000               0.0000000              -0.7142859
            96               5.0000000               0.0000000               0.0000000
            97               4.5000000              -0.5000000              -5.0000000
            98               4.5000000              -0.5000000              -4.2857141
            99               4.5000000              -0.5000000              -3.5714285
           100               4.5000000              -0.5000000              -2.8571429
           101               4.5000000              -0.5000000              -2.1428571
           102               4.5000000              -0.5000000              -1.4285715
           103               4.5000000              -0.5000000              -0.7142859
           104               4.5000000              -0.5000000               0.0000000
           105               4.0000000              -1.0000000              -5.0000000
           106               4.0000000              -1.0000000              -4.2857141
           107               4.0000000              -1.0000000              -3.5714285
           108               4.0000000              -1.0000000              -2.8571429
           109               4.0000000              -1.0000000              -2.1428571
           110               4.0000000              -1.0000000              -1.4285715
           111               4.0000000              -1.0000000              -0.7142859
           112               4.0000000              -1.0000000               0.0000000
           113               3.5000000              -1.5000000              -5.0000000
           114               3.5000000              -1.5000000              -4.2857141
           115               3.5000000              -1.5000000              -3.5714285
           116               3.5000000              -1.5000000              -2.8571429
           117               3.5000000              -1.5000000              -2.1428571
           118               3.5000000              -1.5000000              -1.4285715
           119               3.5000000              -1.5000000              -0.7142859
           120               3.5000000              -1.5000000               0.0000000
           121               3.0000000              -2.0000000              -5.0000000
           122               3.0000000              -2.0000000              -4.2857141
           123               3.0000000              -2.0000000              -3.5714285
           124               3.0000000              -2.0000000              -2.8571429
           125               3.0000000              -2.0000000              -2.1428571
           126               3.0000000              -2.0000000              -1.4285715
           127               3.0000000              -2.0000000              -0.7142859
           128               3.0000000              -2.0000000               0.0000000
           129               2.5000000              -2.5000000              -5.0000000
           130               2.5000000              -2.5000000              -4.2857141
           131               2.5000000              -2.5000000              -3.5714285
           132               2.5000000              -2.5000000              -2.8571429
           133               2.5000000              -2.5000000              -2.1428571
           134               2.5000000              -2.5000000              -1.4285715
           135               2.5000000              -2.5000000              -0.7142859
           136               2.5000000              -2.5000000               0.0000000
           137               2.0000000              -3.0000000              -5.0000000
           138               2.0000000              -3.0000000              -4.2857141
           139               2.0000000              -3.0000000              -3.5714285
           140               2.0000000              -3.0000000              -2.8571429
           141               2.0000000              -3.0000000              -2.1428571
           142               2.0000000              -3.0000000              -1.4285715
           143               2.0000000              -3.0000000              -0.7142859
           144               2.0000000              -3.0000000               0.0000000
           145               1.5000000              -3.5000000              -5.0000000
           146               1.5000000              -3.5000000              -4.2857141
           147               1.5000000              -3.5000000              -3.5714285
           148               1.5000000              -3.5000000              -2.8571429
           149               1.5000000              -3.5000000              -2.1428571
           150               1.5000000              -3.5000000              -1.4285715
           151               1.5000000              -3.5000000              -0.7142859
           152               1.5000000              -3.5000000               0.0000000
           153               1.0000000              -4.0000000              -5.0000000
           154               1.0000000              -4.0000000              -4.2857141
           155               1.0000000              -4.0000000              -3.5714285
           156               1.0000000              -4.0000000              -2.8571429
           157               1.0000000              -4.0000000              -2.1428571
           158               1.0000000              -4.0000000              -1.4285715
           159               1.0000000              -4.0000000              -0.7142859
           160               1.0000000              -4.0000000               0.0000000
           161               0.5000000              -4.5000000              -5.0000000
           162               0.5000000              -4.5000000              -4.2857141
           163               0.5000000              -4.5000000              -3.5714285
           164               0.5000000              -4.5000000              -2.8571429
           165               0.5000000              -4.5000000              -2.1428571
           166               0.5000000              -4.5000000              -1.4285715
           167               0.5000000              -4.5000000              -0.7142859
           168               0.5000000              -4.5000000               0.0000000
           169               0.0000000              -5.0000000              -5.0000000
           170               0.0000000              -5.0000000              -4.2857141
           171               0.0000000              -5.0000000              -3.5714285
           172               0.0000000              -5.0000000              -2.8571429
           173               0.0000000              -5.0000000              -2.1428571
           174               0.0000000              -5.0000000              -1.4285715
           175               0.0000000              -5.0000000              -0.7142859
           176               0.0000000              -5.0000000               0.0000000
           177               5.0000000               0.0000000              -5.0000000
           178               4.5000000              -0.5000000              -5.0000000
           179               4.0000000              -1.0000000              -5.0000000
           180               3.5000000              -1.5000000              -5.0000000
           181               3.0000000              -2.0000000              -5.0000000
           182               2.5000000              -2.5000000              -5.0000000
           183               2.0000000              -3.0000000              -5.0000000
           184               1.5000000              -3.5000000              -5.0000000
           185               1.0000000              -4.0000000              -5.0000000
           186               0.5000000              -4.5000000              -5.0000000
           187               0.0000000              -5.0000000              -5.0000000
           188               4.2857141               0.0000000              -5.0000000
           189               3.8571427              -0.5000000              -5.0000000
           190               3.4285712              -1.0000000              -5.0000000
           191               3.0000000              -1.5000000              -5.0000000
           192               2.5714285              -2.0000000              -5.0000000
           193               2.1428571              -2.5000000              -5.0000000
           194               1.7142856              -3.0000000              -5.0000000
           195               1.2857141              -3.5000000              -5.0000000
           196               0.8571429              -4.0000000              -5.0000000
           197               0.4285715              -4.5000000              -5.0000000
           198               0.0000000              -5.0000000              -5.0000000
           199               3.5714285               0.0000000              -5.0000000
           200               3.2142856              -0.5000000              -5.0000000
           201               2.8571429              -1.0000000              -5.0000000
           202               2.5000000              -1.5000000              -5.0000000
           203               2.1428571              -2.0000000              -5.0000000
           204               1.7857141              -2.5000000              -5.0000000
           205               1.4285715              -3.0000000              -5.0000000
           206               1.0714285              -3.5000000              -5.0000000
           207               0.7142856              -4.0000000              -5.0000000
           208               0.3571429              -4.5000000              -5.0000000
           209              -0.0000002              -5.0000000              -5.0000000
           210               2.8571429               0.0000000              -5.0000000
           211               2.5714285              -0.5000000              -5.0000000
           212               2.2857144              -1.0000000              -5.0000000
           213               2.0000000              -1.5000000              -5.0000000
           214               1.7142857              -2.0000000              -5.0000000
           215               1.4285715              -2.5000000              -5.0000000
           216               1.1428573              -3.0000000              -5.0000000
           217               0.8571429              -3.5000000              -5.0000000
           218               0.5714285              -4.0000000              -5.0000000
           219               0.2857141              -4.5000000              -5.0000000
           220               0.0000000              -5.0000000              -5.0000000
           221               2.1428571               0.0000000              -5.0000000
           222               1.9285713              -0.5000000              -5.0000000
           223               1.7142856              -1.0000000              -5.0000000
           224               1.5000000              -1.5000000              -5.0000000
           225               1.2857143              -2.0000000              -5.0000000
           226               1.0714285              -2.5000000              -5.0000000
           227               0.8571428              -3.0000000              -5.0000000
           228               0.6428571              -3.5000000              -5.0000000
           229               0.4285715              -4.0000000              -5.0000000
           230               0.2142857              -4.5000000              -5.0000000
           231               0.0000000              -5.0000000              -5.0000000
           232               1.4285715               0.0000000              -5.0000000
           233               1.2857143              -0.5000000              -5.0000000
           234               1.1428572              -1.0000000              -5.0000000
           235               1.0000000              -1.5000000              -5.0000000
           236               0.8571429              -2.0000000              -5.0000000
           237               0.7142857              -2.5000000              -5.0000000
           238               0.5714287              -3.0000000              -5.0000000
           239               0.4285715              -3.5000000              -5.0000000
           240               0.2857143              -4.0000000              -5.0000000
           241               0.1428571              -4.5000000              -5.0000000
           242               0.0000000              -5.0000000              -5.0000000
           243               0.7142859               0.0000000              -5.0000000
           244               0.6428573              -0.5000000              -5.0000000
           245               0.5714287              -1.0000000              -5.0000000
           246               0.5000001              -1.5000000              -5.0000000
           247               0.4285715              -2.0000000              -5.0000000
           248               0.3571429              -2.5000000              -5.0000000
           249               0.2857143              -3.0000000              -5.0000000
           250               0.2142857              -3.5000000              -5.0000000
           251               0.1428572              -4.0000000              -5.0000000
           252               0.0714286              -4.5000000              -5.0000000
           253               0.0000000              -5.0000000              -5.0000000
           254               0.0000000               0.0000000              -5.0000000
           255               0.0000000              -0.5000000              -5.0000000
           256               0.0000000              -1.0000000              -5.0000000
           257               0.0000000              -1.5000000              -5.0000000
           258               0.0000000              -2.0000000              -5.0000000
           259               0.0000000              -2.5000000              -5.0000000
           260               0.0000000              -3.0000000              -5.0000000
           261               0.0000000              -3.5000000              -5.0000000
           262               0.0000000              -4.0000000              -5.0000000
           263               0.0000000              -4.5000000              -5.0000000
           264               0.0000000              -5.0000000              -5.0000000
           265              -0.7142859               0.0000000              -5.0000000
           266              -0.6428573              -0.5000000              -5.0000000
           267              -0.5714287              -1.0000000              -5.0000000
           268              -0.5000001              -1.5000000              -5.0000000
           269              -0.4285715              -2.0000000              -5.0000000
           270              -0.3571429              -2.5000000              -5.0000000
           271              -0.2857143              -3.0000000              -5.0000000
           272              -0.2142857              -3.5000000              -5.0000000
           273              -0.1428572              -4.0000000              -5.0000000
           274              -0.0714286              -4.5000000              -5.0000000
           275               0.0000000              -5.0000000              -5.0000000
           276              -1.4285712               0.0000000              -5.0000000
           277              -1.2857141              -0.5000000              -5.0000000
           278              -1.1428570              -1.0000000              -5.0000000
           279              -0.9999999              -1.5000000              -5.0000000
           280              -0.8571427              -2.0000000              -5.0000000
           281              -0.7142856              -2.5000000              -5.0000000
           282              -0.5714285              -3.0000000              -5.0000000
           283              -0.4285714              -3.5000000              -5.0000000
           284              -0.2857143              -4.0000000              -5.0000000
           285              -0.1428571              -4.5000000              -5.0000000
           286               0.0000000              -5.0000000              -5.0000000
           287              -2.1428571               0.0000000              -5.0000000
           288              -1.9285713              -0.5000000              -5.0000000
           289              -1.7142856              -1.0000000              -5.0000000
           290              -1.5000000              -1.5000000              -5.0000000
           291              -1.2857143              -2.0000000              -5.0000000
           292              -1.0714285              -2.5000000              -5.0000000
           293              -0.8571428              -3.0000000              -5.0000000
           294              -0.6428571              -3.5000000              -5.0000000
           295              -0.4285715              -4.0000000              -5.0000000
           296              -0.2142857              -4.5000000              -5.0000000
           297               0.0000000              -5.0000000              -5.0000000
           298              -2.8571429               0.0000000              -5.0000000
           299              -2.5714285              -0.5000000              -5.0000000
           300              -2.2857144              -1.0000000              -5.0000000
           301              -2.0000000              -1.5000000              -5.0000000
           302              -1.7142857              -2.0000000              -5.0000000
           303              -1.4285715              -2.5000000              -5.0000000
           304              -1.1428573              -3.0000000              -5.0000000
           305              -0.8571429              -3.5000000              -5.0000000
           306              -0.5714285              -4.0000000              -5.0000000
           307              -0.2857141              -4.5000000              -5.0000000
           308               0.0000000              -5.0000000              -5.0000000
           309              -3.5714283               0.0000000              -5.0000000
           310              -3.2142854              -0.5000000              -5.0000000
           311              -2.8571427              -1.0000000              -5.0000000
           312              -2.4999998              -1.5000000              -5.0000000
           313              -2.1428571              -2.0000000              -5.0000000
           314              -1.7857141              -2.5000000              -5.0000000
           315              -1.4285712              -3.0000000              -5.0000000
           316              -1.0714285              -3.5000000              -5.0000000
           317              -0.7142856              -4.0000000              -5.0000000
           318              -0.3571429              -4.5000000              -5.0000000
           319               0.0000000              -5.0000000              -5.0000000
           320              -4.2857141               0.0000000              -5.0000000
           321              -3.8571427              -0.5000000              -5.0000000
           322              -3.4285712              -1.0000000              -5.0000000
           323              -3.0000000              -1.5000000              -5.0000000
           324              -2.5714285              -2.0000000              -5.0000000
           325              -2.1428571              -2.5000000              -5.0000000
           326              -1.7142856              -3.0000000              -5.0000000
           327              -1.2857141              -3.5000000              -5.0000000
           328              -0.8571429              -4.0000000              -5.0000000
           329              -0.4285715              -4.5000000              -5.0000000
           330               0.0000000              -5.0000000              -5.0000000
           331              -5.0000000               0.0000000              -5.0000000
           332              -4.5000000              -0.5000000              -5.0000000
           333              -4.0000000              -1.0000000              -5.0000000
           334              -3.5000000              -1.5000000              -5.0000000
           335              -3.0000000              -2.0000000              -5.0000000
           336              -2.5000000              -2.5000000              -5.0000000
           337              -2.0000000              -3.0000000              -5.0000000
           338              -1.5000000              -3.5000000              -5.0000000
           339              -1.0000000              -4.0000000              -5.0000000
           340              -0.5000000              -4.5000000              -5.0000000
           341               0.0000000              -5.0000000              -5.0000000
             0          0.00          0.00          0.00
             1             2            10             9
             2             3            11            10
             3             4            12            11
             4             5            13            12
             5             6            14            13
             6             7            15            14
             7             8            16            15
             9            10            18            17
            10            11            19            18
            11            12            20            19
            12            13            21            20
            13            14            22            21
            14            15            23            22
            15            16            24            23
            17            18            26            25
            18            19            27            26
            19            20            28            27
            20            21            29            28
            21            22            30            29
            22            23            31            30
            23            24            32            31
            25            26            34            33
            26            27            35            34
            27            28            36            35
            28            29            37            36
            29            30            38            37
            30            31            39            38
            31            32            40            39
            33            34            42            41
            34            35            43            42
            35            36            44            43
            36            37            45            44
            37            38            46            45
            38            39            47            46
            39            40            48            47
            41            42            50            49
            42            43            51            50
            43            44            52            51
            44            45            53            52
            45            46            54            53
            46            47            55            54
            47            48            56            55
            49            50            58            57
            50            51            59            58
            51            52            60            59
            52            53            61            60
            53            54            62            61
            54            55            63            62
            55            56            64            63
            57            58            66            65
            58            59            67            66
            59            60            68            67
            60            61            69            68
            61            62            70            69
            62            63            71            70
            63            64            72            71
            65            66            74            73
            66            67            75            74
            67            68            76            75
            68            69            77            76
            69            70            78            77
            70            71            79            78
            71            72            80            79
            73            74            82            81
            74            75            83            82
            75            76            84            83
            76            77            85            84
            77            78            86            85
            78            79            87            86
            79            80            88            87
            89            90            98            97
            90            91            99            98
            91            92           100            99
            92            93           101           100
            93            94           102           101
            94            95           103           102
            95            96           104           103
            97            98           106           105
            98            99           107           106
            99           100           108           107
           100           101           109           108
           101           102           110           109
           102           103           111           110
           103           104           112           111
           105           106           114           113
           106           107           115           114
           107           108           116           115
           108           109           117           116
           109           110           118           117
           110           111           119           118
           111           112           120           119
           113           114           122           121
           114           115           123           122
           115           116           124           123
           116           117           125           124
           117           118           126           125
           118           119           127           126
           119           120           128           127
           121           122           130           129
           122           123           131           130
           123           124           132           131
           124           125           133           132
           125           126           134           133
           126           127           135           134
           127           128           136           135
           129           130           138           137
           130           131           139           138
           131           132           140           139
           132           133           141           140
           133           134           142           141
           134           135           143           142
           135           136           144           143
           137           138           146           145
           138           139           147           146
           139           140           148           147
           140           141           149           148
           141           142           150           149
           142           143           151           150
           143           144           152           151
           145           146           154           153
           146           147           155           154
           147           148           156           155
           148           149           157           156
           149           150           158           157
           150           151           159           158
           151           152           160           159
           153           154           162           161
           154           155           163           162
           155           156           164           163
           156           157           165           164
           157           158           166           165
           158           159           167           166
           159           160           168           167
           161           162           170           169
           162           163           171           170
           163           164           172           171
           164           165           173           172
           165           166           174           173
           166           167           175           174
           167           168           176           175
           177           178           189           188
           178           179           190           189
           179           180           191           190
           180           181           192           191
           181           182           193           192
           182           183           194           193
           183           184           195           194
           184           185           196           195
           185           186           197           196
           186           187           198           197
           188           189           200           199
           189           190           201           200
           190           191           202           201
           191           192           203           202
           192           193           204           203
           193           194           205           204
           194           195           206           205
           195           196           207           206
           196           197           208           207
           197           198           209           208
           199           200           211           210
           200           201           212           211
           201           202           213           212
           202           203           214           213
           203           204           215           214
           204           205           216           215
           205           206           217           216
           206           207           218           217
           207           208           219           218
           208           209           220           219
           210           211           222           221
           211           212           223           222
           212           213           224           223
           213           214           225           224
           214           215           226           225
           215           216           227           226
           216           217           228           227
           217           218           229           228
           218           219           230           229
           219           220           231           230
           221           222           233           232
           222           223           234           233
           223           224           235           234
           224           225           236           235
           225           226           237           236
           226           227           238           237
           227           228           239           238
           228           229           240           239
           229           230           241           240
           230           231           242           241
           232           233           244           243
           233           234           245           244
           234           235           246           245
           235           236           247           246
           236           237           248           247
           237           238           249           248
           238           239           250           249
           239           240           251           250
           240           241           252           251
           241           242           253           252
           243           244           255           254
           244           245           256           255
           245           246           257           256
           246           247           258           257
           247           248           259           258
           248           249           260           259
           249           250           261           260
           250           251           262           261
           251           252           263           262
           252           253           264           263
           254           255           266           265
           255           256           267           266
           256           257           268           267
           257           258           269           268
           258           259           270           269
           259           260           271           270
           260           261           272           271
           261           262           273           272
           262           263           274           273
           263           264           275           274
           265           266           277           276
           266           267           278           277
           267           268           279           278
           268           269           280           279
           269           270           281           280
           270           271           282           281
           271           272           283           282
           272           273           284           283
           273           274           285           284
           274           275           286           285
           276           277           288           287
           277           278           289           288
           278           279           290           289
           279           280           291           290
           280           281           292           291
           281           282           293           292
           282           283           294           293
           283           284           295           294
           284           285           296           295
           285           286           297           296
           287           288           299           298
           288           289           300           299
           289           290           301           300
           290           291           302           301
           291           292           303           302
           292           293           304           303
           293           294           305           304
           294           295           306           305
           295           296           307           306
           296           297           308           307
           298           299           310           309
           299           300           311           310
           300           301           312           311
           301           302           313           312
           302           303           314           313
           303           304           315           314
           304           305           316           315
           305           306           317           316
           306           307           318           317
           307           308           319           318
           309           310           321           320
           310           311           322           321
           311           312           323           322
           312           313           324           323
           313           314           325           324
           314           315           326           325
           315           316           327           326
           316           317           328           327
           317           318           329           328
           318           319           330           329
           320           321           332           331
           321           322           333           332
           322           323           334           333
           323           324           335           334
           324           325           336           335
           325           326           337           336
           326           327           338           337
           327           328           339           338
           328           329           340           339
           329           330           341           340
          0          0          0          0
