Nb de periode :    40
 0.1256637E+03
  0.580740E+06  0.000000E+00 -0.571289E-01  0.000000E+00  0.177515E+07  0.000000E+00
  0.000000E+00  0.580741E+06  0.000000E+00 -0.177515E+07  0.000000E+00  0.526619E-02
  0.144043E-01  0.000000E+00  0.271120E+06  0.000000E+00 -0.206055E+00  0.000000E+00
  0.000000E+00 -0.177942E+07  0.000000E+00  0.810432E+07  0.000000E+00 -0.184581E-01
  0.177942E+07  0.000000E+00 -0.898438E-01  0.000000E+00  0.810432E+07  0.000000E+00
  0.000000E+00  0.433350E-02  0.000000E+00 -0.368652E-01  0.000000E+00  0.139623E+05
 0.6283186E+02
  0.584250E+06  0.000000E+00  0.349121E-01  0.000000E+00  0.178509E+07  0.000000E+00
  0.000000E+00  0.584251E+06  0.000000E+00 -0.178509E+07  0.000000E+00  0.690079E-02
  0.241699E-01  0.000000E+00  0.274920E+06  0.000000E+00  0.136719E-01  0.000000E+00
  0.000000E+00 -0.178824E+07  0.000000E+00  0.813694E+07  0.000000E+00 -0.347046E-01
  0.178824E+07  0.000000E+00 -0.109375E+00  0.000000E+00  0.813693E+07  0.000000E+00
  0.000000E+00  0.610352E-04  0.000000E+00 -0.104004E+00  0.000000E+00  0.139655E+05
 0.4188790E+02
  0.590098E+06  0.000000E+00  0.322266E-01  0.000000E+00  0.180955E+07  0.000000E+00
  0.000000E+00  0.590098E+06  0.000000E+00 -0.180955E+07  0.000000E+00  0.132561E-02
 -0.253906E-01  0.000000E+00  0.276652E+06  0.000000E+00 -0.100586E+00  0.000000E+00
  0.000000E+00 -0.181298E+07  0.000000E+00  0.823314E+07  0.000000E+00  0.342464E-02
  0.181298E+07  0.000000E+00  0.527344E-01  0.000000E+00  0.823314E+07  0.000000E+00
  0.000000E+00  0.628662E-02  0.000000E+00 -0.729980E-01  0.000000E+00  0.139673E+05
 0.3141593E+02
  0.592665E+06  0.000000E+00 -0.159912E-01  0.000000E+00  0.181771E+07  0.000000E+00
  0.000000E+00  0.592665E+06  0.000000E+00 -0.181771E+07  0.000000E+00  0.100613E-01
  0.285644E-01  0.000000E+00  0.277476E+06  0.000000E+00  0.664062E-01  0.000000E+00
  0.000000E+00 -0.182113E+07  0.000000E+00  0.825513E+07  0.000000E+00 -0.265234E-01
  0.182113E+07  0.000000E+00 -0.109375E+00  0.000000E+00  0.825513E+07  0.000000E+00
  0.000000E+00 -0.228882E-01  0.000000E+00  0.854492E-02  0.000000E+00  0.139652E+05
 0.2513274E+02
  0.596461E+06  0.000000E+00  0.231934E-02  0.000000E+00  0.183253E+07  0.000000E+00
  0.000000E+00  0.596461E+06  0.000000E+00 -0.183253E+07  0.000000E+00 -0.881004E-02
  0.178223E-01  0.000000E+00  0.277361E+06  0.000000E+00  0.164062E+00  0.000000E+00
  0.000000E+00 -0.183616E+07  0.000000E+00  0.831632E+07  0.000000E+00  0.386405E-01
  0.183616E+07  0.000000E+00  0.181641E+00  0.000000E+00  0.831632E+07  0.000000E+00
  0.000000E+00  0.903320E-02  0.000000E+00  0.852051E-01  0.000000E+00  0.139680E+05
 0.2094395E+02
  0.601623E+06  0.000000E+00 -0.155029E-01  0.000000E+00  0.185468E+07  0.000000E+00
  0.000000E+00  0.601624E+06  0.000000E+00 -0.185468E+07  0.000000E+00 -0.308227E-02
 -0.488281E-02  0.000000E+00  0.276173E+06  0.000000E+00  0.371094E-01  0.000000E+00
  0.000000E+00 -0.185837E+07  0.000000E+00  0.841428E+07  0.000000E+00  0.210834E-01
  0.185837E+07  0.000000E+00 -0.144531E+00  0.000000E+00  0.841428E+07  0.000000E+00
  0.000000E+00 -0.457764E-02  0.000000E+00 -0.336914E-01  0.000000E+00  0.139724E+05
 0.1795196E+02
  0.607390E+06  0.000000E+00  0.805664E-02  0.000000E+00  0.187709E+07  0.000000E+00
  0.000000E+00  0.607391E+06  0.000000E+00 -0.187709E+07  0.000000E+00  0.115242E-01
 -0.244141E-01  0.000000E+00  0.273355E+06  0.000000E+00 -0.322266E-01  0.000000E+00
  0.000000E+00 -0.188068E+07  0.000000E+00  0.850205E+07  0.000000E+00 -0.120314E-01
  0.188068E+07  0.000000E+00  0.351562E-01  0.000000E+00  0.850206E+07  0.000000E+00
  0.000000E+00  0.169067E-01  0.000000E+00  0.180664E-01  0.000000E+00  0.140316E+05
 0.1570796E+02
  0.614437E+06  0.000000E+00  0.764160E-01  0.000000E+00  0.190203E+07  0.000000E+00
  0.000000E+00  0.614437E+06  0.000000E+00 -0.190203E+07  0.000000E+00  0.373077E-02
 -0.305176E-01  0.000000E+00  0.269709E+06  0.000000E+00  0.458984E-01  0.000000E+00
  0.000000E+00 -0.190572E+07  0.000000E+00  0.859037E+07  0.000000E+00 -0.233274E-01
  0.190572E+07  0.000000E+00  0.468750E-01  0.000000E+00  0.859037E+07  0.000000E+00
  0.000000E+00  0.616455E-02  0.000000E+00 -0.422363E-01  0.000000E+00  0.140231E+05
 0.1396263E+02
  0.623512E+06  0.000000E+00  0.318604E-01  0.000000E+00  0.193940E+07  0.000000E+00
  0.000000E+00  0.623512E+06  0.000000E+00 -0.193940E+07  0.000000E+00  0.243912E-01
 -0.375977E-01  0.000000E+00  0.265007E+06  0.000000E+00 -0.585938E-02  0.000000E+00
  0.000000E+00 -0.194317E+07  0.000000E+00  0.875085E+07  0.000000E+00 -0.949716E-01
  0.194317E+07  0.000000E+00 -0.214844E-01  0.000000E+00  0.875085E+07  0.000000E+00
  0.000000E+00  0.162353E-01  0.000000E+00 -0.178223E-01  0.000000E+00  0.140396E+05
 0.1256637E+02
  0.633482E+06  0.000000E+00 -0.183106E-01  0.000000E+00  0.197516E+07  0.000000E+00
  0.000000E+00  0.633481E+06  0.000000E+00 -0.197516E+07  0.000000E+00  0.133762E-01
  0.322266E-01  0.000000E+00  0.259012E+06  0.000000E+00  0.000000E+00  0.000000E+00
  0.000000E+00 -0.197904E+07  0.000000E+00  0.887721E+07  0.000000E+00 -0.342336E-01
  0.197904E+07  0.000000E+00  0.000000E+00  0.000000E+00  0.887720E+07  0.000000E+00
  0.000000E+00 -0.173950E-01  0.000000E+00  0.261231E-01  0.000000E+00  0.140289E+05
 0.1142397E+02
  0.646141E+06  0.000000E+00 -0.152588E-02  0.000000E+00  0.202595E+07  0.000000E+00
  0.000000E+00  0.646141E+06  0.000000E+00 -0.202595E+07  0.000000E+00  0.529671E-02
  0.471191E-01  0.000000E+00  0.253406E+06  0.000000E+00 -0.410156E-01  0.000000E+00
  0.000000E+00 -0.202981E+07  0.000000E+00  0.908482E+07  0.000000E+00 -0.120547E-01
  0.202981E+07  0.000000E+00 -0.371094E-01  0.000000E+00  0.908481E+07  0.000000E+00
  0.000000E+00  0.775146E-02  0.000000E+00 -0.151367E-01  0.000000E+00  0.140375E+05
 0.1047198E+02
  0.660313E+06  0.000000E+00  0.988770E-02  0.000000E+00  0.208201E+07  0.000000E+00
  0.000000E+00  0.660313E+06  0.000000E+00 -0.208201E+07  0.000000E+00 -0.775337E-02
  0.187988E-01  0.000000E+00  0.248077E+06  0.000000E+00 -0.214844E-01  0.000000E+00
  0.000000E+00 -0.208606E+07  0.000000E+00  0.931370E+07  0.000000E+00  0.114922E-01
  0.208606E+07  0.000000E+00 -0.234375E-01  0.000000E+00  0.931370E+07  0.000000E+00
  0.000000E+00 -0.219727E-02  0.000000E+00 -0.554199E-01  0.000000E+00  0.140338E+05
 0.9666439E+01
  0.675523E+06  0.000000E+00 -0.866699E-02  0.000000E+00  0.213981E+07  0.000000E+00
  0.000000E+00  0.675523E+06  0.000000E+00 -0.213981E+07  0.000000E+00  0.106792E-01
 -0.634766E-02  0.000000E+00  0.241786E+06  0.000000E+00  0.107422E+00  0.000000E+00
  0.000000E+00 -0.214382E+07  0.000000E+00  0.952827E+07  0.000000E+00 -0.177991E-01
  0.214382E+07  0.000000E+00  0.585938E-01  0.000000E+00  0.952827E+07  0.000000E+00
  0.000000E+00 -0.136719E-01  0.000000E+00  0.927734E-02  0.000000E+00  0.140317E+05
 0.8975979E+01
  0.692538E+06  0.000000E+00  0.354004E-01  0.000000E+00  0.221102E+07  0.000000E+00
  0.000000E+00  0.692537E+06  0.000000E+00 -0.221103E+07  0.000000E+00 -0.427246E-03
  0.100098E-01  0.000000E+00  0.237760E+06  0.000000E+00  0.117188E+00  0.000000E+00
  0.000000E+00 -0.221503E+07  0.000000E+00  0.983127E+07  0.000000E+00 -0.455083E-02
  0.221503E+07  0.000000E+00  0.703125E-01  0.000000E+00  0.983128E+07  0.000000E+00
  0.000000E+00 -0.324707E-01  0.000000E+00  0.605469E-01  0.000000E+00  0.140418E+05
 0.8377580E+01
  0.709586E+06  0.000000E+00 -0.200806E-01  0.000000E+00  0.228212E+07  0.000000E+00
  0.000000E+00  0.709586E+06  0.000000E+00 -0.228211E+07  0.000000E+00  0.327110E-02
  0.163574E-01  0.000000E+00  0.232139E+06  0.000000E+00 -0.839844E-01  0.000000E+00
  0.000000E+00 -0.228656E+07  0.000000E+00  0.101285E+08  0.000000E+00 -0.143848E-01
  0.228656E+07  0.000000E+00 -0.312500E-01  0.000000E+00  0.101285E+08  0.000000E+00
  0.000000E+00 -0.927734E-02  0.000000E+00  0.334473E-01  0.000000E+00  0.140242E+05
 0.7853982E+01
  0.725491E+06  0.000000E+00  0.160522E-01  0.000000E+00  0.234908E+07  0.000000E+00
  0.000000E+00  0.725491E+06  0.000000E+00 -0.234909E+07  0.000000E+00  0.718498E-02
 -0.346680E-01  0.000000E+00  0.229209E+06  0.000000E+00  0.468750E-01  0.000000E+00
  0.000000E+00 -0.235318E+07  0.000000E+00  0.104076E+08  0.000000E+00 -0.498047E-01
  0.235318E+07  0.000000E+00  0.175781E-01  0.000000E+00  0.104076E+08  0.000000E+00
  0.000000E+00  0.433350E-02  0.000000E+00  0.439453E-01  0.000000E+00  0.140336E+05
 0.7391983E+01
  0.739728E+06  0.000000E+00  0.105286E-02  0.000000E+00  0.241648E+07  0.000000E+00
  0.000000E+00  0.739728E+06  0.000000E+00 -0.241648E+07  0.000000E+00 -0.786972E-02
  0.151367E-01  0.000000E+00  0.225631E+06  0.000000E+00 -0.351563E-01  0.000000E+00
  0.000000E+00 -0.242074E+07  0.000000E+00  0.107154E+08  0.000000E+00  0.284898E-01
  0.242074E+07  0.000000E+00  0.390625E-02  0.000000E+00  0.107154E+08  0.000000E+00
  0.000000E+00 -0.354004E-02  0.000000E+00  0.598144E-01  0.000000E+00  0.140390E+05
 0.6981317E+01
  0.750099E+06  0.000000E+00  0.143013E-01  0.000000E+00  0.247306E+07  0.000000E+00
  0.000000E+00  0.750099E+06  0.000000E+00 -0.247306E+07  0.000000E+00 -0.109901E-01
 -0.102539E-01  0.000000E+00  0.223504E+06  0.000000E+00 -0.800781E-01  0.000000E+00
  0.000000E+00 -0.247757E+07  0.000000E+00  0.110023E+08  0.000000E+00  0.547621E-01
  0.247757E+07  0.000000E+00 -0.585938E-01  0.000000E+00  0.110023E+08  0.000000E+00
  0.000000E+00  0.555420E-02  0.000000E+00  0.280762E-01  0.000000E+00  0.140463E+05
 0.6613879E+01
  0.754373E+06  0.000000E+00 -0.142899E-01  0.000000E+00  0.250883E+07  0.000000E+00
  0.000000E+00  0.754374E+06  0.000000E+00 -0.250883E+07  0.000000E+00  0.103359E-01
 -0.317383E-02  0.000000E+00  0.222717E+06  0.000000E+00  0.253906E-01  0.000000E+00
  0.000000E+00 -0.251326E+07  0.000000E+00  0.112173E+08  0.000000E+00 -0.640392E-01
  0.251326E+07  0.000000E+00 -0.390625E-02  0.000000E+00  0.112173E+08  0.000000E+00
  0.000000E+00  0.281982E-01  0.000000E+00 -0.463867E-02  0.000000E+00  0.140180E+05
 0.6283185E+01
  0.749741E+06  0.000000E+00 -0.137024E-01  0.000000E+00  0.251049E+07  0.000000E+00
  0.000000E+00  0.749741E+06  0.000000E+00 -0.251049E+07  0.000000E+00 -0.118694E-01
  0.146484E-02  0.000000E+00  0.221253E+06  0.000000E+00 -0.322266E-01  0.000000E+00
  0.000000E+00 -0.251465E+07  0.000000E+00  0.112968E+08  0.000000E+00  0.352637E-01
  0.251465E+07  0.000000E+00 -0.103516E+00  0.000000E+00  0.112968E+08  0.000000E+00
  0.000000E+00  0.278320E-01  0.000000E+00 -0.168457E-01  0.000000E+00  0.140319E+05
 0.5983986E+01
  0.735983E+06  0.000000E+00 -0.465393E-02  0.000000E+00  0.248116E+07  0.000000E+00
  0.000000E+00  0.735983E+06  0.000000E+00 -0.248116E+07  0.000000E+00 -0.145836E-01
 -0.585938E-02  0.000000E+00  0.221453E+06  0.000000E+00 -0.585938E-01  0.000000E+00
  0.000000E+00 -0.248509E+07  0.000000E+00  0.112820E+08  0.000000E+00  0.415596E-01
  0.248509E+07  0.000000E+00  0.527344E-01  0.000000E+00  0.112820E+08  0.000000E+00
  0.000000E+00  0.109863E-02  0.000000E+00 -0.102051E+00  0.000000E+00  0.140407E+05
 0.5711987E+01
  0.712072E+06  0.000000E+00  0.311279E-02  0.000000E+00  0.241386E+07  0.000000E+00
  0.000000E+00  0.712072E+06  0.000000E+00 -0.241387E+07  0.000000E+00 -0.355148E-02
 -0.976563E-02  0.000000E+00  0.222086E+06  0.000000E+00  0.214844E-01  0.000000E+00
  0.000000E+00 -0.241752E+07  0.000000E+00  0.111271E+08  0.000000E+00  0.213076E-01
  0.241752E+07  0.000000E+00  0.820313E-01  0.000000E+00  0.111270E+08  0.000000E+00
  0.000000E+00 -0.161133E-01  0.000000E+00  0.756836E-02  0.000000E+00  0.140436E+05
 0.5463640E+01
  0.677554E+06  0.000000E+00  0.482178E-02  0.000000E+00  0.230182E+07  0.000000E+00
  0.000000E+00  0.677555E+06  0.000000E+00 -0.230182E+07  0.000000E+00  0.801277E-02
 -0.634766E-02  0.000000E+00  0.222182E+06  0.000000E+00 -0.322266E-01  0.000000E+00
  0.000000E+00 -0.230531E+07  0.000000E+00  0.107864E+08  0.000000E+00 -0.542902E-02
  0.230531E+07  0.000000E+00 -0.312500E-01  0.000000E+00  0.107864E+08  0.000000E+00
  0.000000E+00  0.793457E-03  0.000000E+00 -0.395508E-01  0.000000E+00  0.140319E+05
 0.5235988E+01
  0.635198E+06  0.000000E+00  0.110169E-01  0.000000E+00  0.215527E+07  0.000000E+00
  0.000000E+00  0.635198E+06  0.000000E+00 -0.215527E+07  0.000000E+00  0.513268E-02
 -0.100098E-01  0.000000E+00  0.223141E+06  0.000000E+00  0.976563E-03  0.000000E+00
  0.000000E+00 -0.215867E+07  0.000000E+00  0.103048E+08  0.000000E+00 -0.209804E-01
  0.215867E+07  0.000000E+00  0.449219E-01  0.000000E+00  0.103048E+08  0.000000E+00
  0.000000E+00 -0.878906E-02  0.000000E+00  0.976563E-03  0.000000E+00  0.140211E+05
 0.5026548E+01
  0.587257E+06  0.000000E+00 -0.109253E-01  0.000000E+00  0.198237E+07  0.000000E+00
  0.000000E+00  0.587257E+06  0.000000E+00 -0.198237E+07  0.000000E+00 -0.156593E-02
  0.561523E-02  0.000000E+00  0.224703E+06  0.000000E+00 -0.566406E-01  0.000000E+00
  0.000000E+00 -0.198526E+07  0.000000E+00  0.970332E+07  0.000000E+00  0.536815E-02
  0.198526E+07  0.000000E+00  0.253906E-01  0.000000E+00  0.970332E+07  0.000000E+00
  0.000000E+00  0.213623E-02  0.000000E+00  0.668945E-01  0.000000E+00  0.140515E+05
 0.4833220E+01
  0.536462E+06  0.000000E+00  0.132446E-01  0.000000E+00  0.178963E+07  0.000000E+00
  0.000000E+00  0.536462E+06  0.000000E+00 -0.178963E+07  0.000000E+00 -0.102062E-01
 -0.142822E-01  0.000000E+00  0.225421E+06  0.000000E+00 -0.175781E-01  0.000000E+00
  0.000000E+00 -0.179243E+07  0.000000E+00  0.899089E+07  0.000000E+00  0.427219E-01
  0.179243E+07  0.000000E+00  0.683594E-01  0.000000E+00  0.899088E+07  0.000000E+00
  0.000000E+00  0.744629E-02  0.000000E+00 -0.290527E-01  0.000000E+00  0.140342E+05
 0.4654212E+01
  0.486878E+06  0.000000E+00  0.573731E-02  0.000000E+00  0.159368E+07  0.000000E+00
  0.000000E+00  0.486878E+06  0.000000E+00 -0.159369E+07  0.000000E+00 -0.377846E-02
  0.139160E-01  0.000000E+00  0.226391E+06  0.000000E+00 -0.488281E-01  0.000000E+00
  0.000000E+00 -0.159685E+07  0.000000E+00  0.823519E+07  0.000000E+00  0.280505E-02
  0.159685E+07  0.000000E+00  0.468750E-01  0.000000E+00  0.823520E+07  0.000000E+00
  0.000000E+00  0.177002E-02  0.000000E+00  0.390625E-02  0.000000E+00  0.140516E+05
 0.4487990E+01
  0.439887E+06  0.000000E+00  0.842285E-02  0.000000E+00  0.140170E+07  0.000000E+00
  0.000000E+00  0.439887E+06  0.000000E+00 -0.140170E+07  0.000000E+00  0.348663E-02
  0.256348E-02  0.000000E+00  0.227498E+06  0.000000E+00  0.683594E-02  0.000000E+00
  0.000000E+00 -0.140469E+07  0.000000E+00  0.747115E+07  0.000000E+00 -0.183812E-01
  0.140469E+07  0.000000E+00  0.390625E-01  0.000000E+00  0.747115E+07  0.000000E+00
  0.000000E+00  0.796509E-02  0.000000E+00 -0.512695E-02  0.000000E+00  0.140615E+05
 0.4333231E+01
  0.397810E+06  0.000000E+00  0.152588E-02  0.000000E+00  0.122361E+07  0.000000E+00
  0.000000E+00  0.397810E+06  0.000000E+00 -0.122361E+07  0.000000E+00 -0.580406E-02
 -0.354004E-02  0.000000E+00  0.228560E+06  0.000000E+00 -0.634766E-01  0.000000E+00
  0.000000E+00 -0.122628E+07  0.000000E+00  0.673477E+07  0.000000E+00  0.321532E-01
  0.122628E+07  0.000000E+00  0.312500E-01  0.000000E+00  0.673476E+07  0.000000E+00
  0.000000E+00 -0.167542E-01  0.000000E+00  0.144043E-01  0.000000E+00  0.140199E+05
 0.4188790E+01
  0.361031E+06  0.000000E+00  0.961304E-02  0.000000E+00  0.106115E+07  0.000000E+00
  0.000000E+00  0.361031E+06  0.000000E+00 -0.106115E+07  0.000000E+00 -0.698471E-02
 -0.125732E-01  0.000000E+00  0.229500E+06  0.000000E+00  0.585938E-01  0.000000E+00
  0.000000E+00 -0.106365E+07  0.000000E+00  0.603661E+07  0.000000E+00  0.361146E-01
  0.106365E+07  0.000000E+00 -0.390625E-02  0.000000E+00  0.603662E+07  0.000000E+00
  0.000000E+00 -0.100708E-01  0.000000E+00 -0.805664E-02  0.000000E+00  0.139838E+05
 0.4053668E+01
  0.330411E+06  0.000000E+00 -0.115967E-02  0.000000E+00  0.918792E+06  0.000000E+00
  0.000000E+00  0.330411E+06  0.000000E+00 -0.918792E+06  0.000000E+00 -0.625610E-03
 -0.170898E-02  0.000000E+00  0.230291E+06  0.000000E+00 -0.830078E-01  0.000000E+00
  0.000000E+00 -0.921767E+06  0.000000E+00  0.539562E+07  0.000000E+00 -0.929293E-03
  0.921768E+06  0.000000E+00  0.273438E-01  0.000000E+00  0.539562E+07  0.000000E+00
  0.000000E+00  0.543213E-02  0.000000E+00  0.321045E-01  0.000000E+00  0.140198E+05
 0.3926991E+01
  0.305166E+06  0.000000E+00  0.283508E-01  0.000000E+00  0.796076E+06  0.000000E+00
  0.000000E+00  0.305166E+06  0.000000E+00 -0.796076E+06  0.000000E+00 -0.572014E-02
  0.305176E-02  0.000000E+00  0.230979E+06  0.000000E+00 -0.878906E-02  0.000000E+00
  0.000000E+00 -0.798985E+06  0.000000E+00  0.482393E+07  0.000000E+00  0.557168E-02
  0.798985E+06  0.000000E+00 -0.585938E-02  0.000000E+00  0.482393E+07  0.000000E+00
  0.000000E+00 -0.112915E-02  0.000000E+00 -0.610352E-02  0.000000E+00  0.140954E+05
 0.3807991E+01
  0.285234E+06  0.000000E+00 -0.229797E-01  0.000000E+00  0.693824E+06  0.000000E+00
  0.000000E+00  0.285235E+06  0.000000E+00 -0.693825E+06  0.000000E+00 -0.228691E-02
 -0.195312E-02  0.000000E+00  0.231552E+06  0.000000E+00 -0.839844E-01  0.000000E+00
  0.000000E+00 -0.696415E+06  0.000000E+00  0.432717E+07  0.000000E+00  0.184749E-01
  0.696416E+06  0.000000E+00 -0.859375E-01  0.000000E+00  0.432717E+07  0.000000E+00
  0.000000E+00 -0.248718E-02  0.000000E+00 -0.451660E-02  0.000000E+00  0.140684E+05
 0.3695992E+01
  0.269913E+06  0.000000E+00  0.115051E-01  0.000000E+00  0.608803E+06  0.000000E+00
  0.000000E+00  0.269913E+06  0.000000E+00 -0.608803E+06  0.000000E+00  0.274658E-03
 -0.130615E-01  0.000000E+00  0.232173E+06  0.000000E+00 -0.185547E-01  0.000000E+00
  0.000000E+00 -0.611519E+06  0.000000E+00  0.388834E+07  0.000000E+00 -0.249492E-01
  0.611519E+06  0.000000E+00 -0.390625E-01  0.000000E+00  0.388834E+07  0.000000E+00
  0.000000E+00 -0.271606E-02  0.000000E+00  0.174560E-01  0.000000E+00  0.140343E+05
 0.3590392E+01
  0.258264E+06  0.000000E+00  0.296021E-02  0.000000E+00  0.538864E+06  0.000000E+00
  0.000000E+00  0.258264E+06  0.000000E+00 -0.538864E+06  0.000000E+00  0.183105E-03
 -0.598144E-02  0.000000E+00  0.232670E+06  0.000000E+00  0.478516E-01  0.000000E+00
  0.000000E+00 -0.541555E+06  0.000000E+00  0.350740E+07  0.000000E+00  0.995133E-02
  0.541555E+06  0.000000E+00 -0.585938E-02  0.000000E+00  0.350741E+07  0.000000E+00
  0.000000E+00 -0.389099E-02  0.000000E+00  0.170898E-02  0.000000E+00  0.140148E+05
 0.3490659E+01
  0.250107E+06  0.000000E+00  0.628662E-02  0.000000E+00  0.483608E+06  0.000000E+00
  0.000000E+00  0.250106E+06  0.000000E+00 -0.483608E+06  0.000000E+00 -0.326347E-02
 -0.488281E-03  0.000000E+00  0.233029E+06  0.000000E+00  0.156250E-01  0.000000E+00
  0.000000E+00 -0.486538E+06  0.000000E+00  0.318470E+07  0.000000E+00  0.195820E-01
  0.486539E+06  0.000000E+00 -0.390625E-01  0.000000E+00  0.318470E+07  0.000000E+00
  0.000000E+00 -0.283432E-02  0.000000E+00  0.549316E-02  0.000000E+00  0.140333E+05
 0.3396317E+01
  0.244561E+06  0.000000E+00  0.762940E-03  0.000000E+00  0.440126E+06  0.000000E+00
  0.000000E+00  0.244561E+06  0.000000E+00 -0.440126E+06  0.000000E+00 -0.396156E-02
 -0.817871E-02  0.000000E+00  0.233358E+06  0.000000E+00  0.556641E-01  0.000000E+00
  0.000000E+00 -0.442976E+06  0.000000E+00  0.291223E+07  0.000000E+00  0.466211E-02
  0.442976E+06  0.000000E+00 -0.429688E-01  0.000000E+00  0.291223E+07  0.000000E+00
  0.000000E+00  0.651550E-02  0.000000E+00  0.708008E-02  0.000000E+00  0.140432E+05
 0.3306940E+01
  0.241384E+06  0.000000E+00 -0.323486E-02  0.000000E+00  0.407886E+06  0.000000E+00
  0.000000E+00  0.241384E+06  0.000000E+00 -0.407886E+06  0.000000E+00  0.216103E-02
 -0.219727E-02  0.000000E+00  0.233763E+06  0.000000E+00 -0.419922E-01  0.000000E+00
  0.000000E+00 -0.410447E+06  0.000000E+00  0.268954E+07  0.000000E+00 -0.290376E-02
  0.410447E+06  0.000000E+00 -0.976562E-02  0.000000E+00  0.268954E+07  0.000000E+00
  0.000000E+00 -0.443459E-02  0.000000E+00  0.104370E-01  0.000000E+00  0.140238E+05
 0.3222147E+01
  0.239858E+06  0.000000E+00  0.123596E-01  0.000000E+00  0.383001E+06  0.000000E+00
  0.000000E+00  0.239858E+06  0.000000E+00 -0.383001E+06  0.000000E+00  0.767136E-02
  0.537109E-02  0.000000E+00  0.234120E+06  0.000000E+00  0.537109E-01  0.000000E+00
  0.000000E+00 -0.385816E+06  0.000000E+00  0.249967E+07  0.000000E+00 -0.698076E-02
  0.385816E+06  0.000000E+00  0.156250E-01  0.000000E+00  0.249967E+07  0.000000E+00
  0.000000E+00 -0.860882E-02  0.000000E+00  0.201416E-02  0.000000E+00  0.140407E+05
 0.3141593E+01
  0.239572E+06  0.000000E+00 -0.808716E-02  0.000000E+00  0.365062E+06  0.000000E+00
  0.000000E+00  0.239572E+06  0.000000E+00 -0.365062E+06  0.000000E+00  0.226784E-02
  0.769043E-02  0.000000E+00  0.234272E+06  0.000000E+00 -0.244141E-01  0.000000E+00
  0.000000E+00 -0.367414E+06  0.000000E+00  0.234103E+07  0.000000E+00  0.617180E-03
  0.367414E+06  0.000000E+00  0.722656E-01  0.000000E+00  0.234103E+07  0.000000E+00
  0.000000E+00 -0.190735E-02  0.000000E+00  0.503540E-02  0.000000E+00  0.140139E+05
