  2   1
     1  0.4755283E+01  0.1545085E+01 -0.1000000E+02
     2  0.4755283E+01  0.1545085E+01 -0.9090909E+01
     3  0.4755283E+01  0.1545085E+01 -0.8181818E+01
     4  0.4755283E+01  0.1545085E+01 -0.7272727E+01
     5  0.4755283E+01  0.1545085E+01 -0.6363636E+01
     6  0.4755283E+01  0.1545085E+01 -0.5454545E+01
     7  0.4755283E+01  0.1545085E+01 -0.4545455E+01
     8  0.4755283E+01  0.1545085E+01 -0.3636364E+01
     9  0.4755283E+01  0.1545085E+01 -0.2727273E+01
    10  0.4755283E+01  0.1545085E+01 -0.1818182E+01
    11  0.4755283E+01  0.1545085E+01 -0.9090910E+00
    12  0.4755283E+01  0.1545085E+01  0.0000000E+00
    13  0.4877642E+01  0.7725425E+00 -0.1000000E+02
    14  0.4877642E+01  0.7725425E+00 -0.9090909E+01
    15  0.4877642E+01  0.7725425E+00 -0.8181818E+01
    16  0.4877642E+01  0.7725425E+00 -0.7272727E+01
    17  0.4877642E+01  0.7725425E+00 -0.6363636E+01
    18  0.4877642E+01  0.7725425E+00 -0.5454545E+01
    19  0.4877642E+01  0.7725425E+00 -0.4545455E+01
    20  0.4877642E+01  0.7725425E+00 -0.3636364E+01
    21  0.4877642E+01  0.7725425E+00 -0.2727273E+01
    22  0.4877642E+01  0.7725425E+00 -0.1818182E+01
    23  0.4877642E+01  0.7725425E+00 -0.9090910E+00
    24  0.4877642E+01  0.7725425E+00  0.0000000E+00
    25  0.5000000E+01  0.0000000E+00 -0.1000000E+02
    26  0.5000000E+01  0.0000000E+00 -0.9090909E+01
    27  0.5000000E+01  0.0000000E+00 -0.8181818E+01
    28  0.5000000E+01  0.0000000E+00 -0.7272727E+01
    29  0.5000000E+01  0.0000000E+00 -0.6363636E+01
    30  0.5000000E+01  0.0000000E+00 -0.5454545E+01
    31  0.5000000E+01  0.0000000E+00 -0.4545455E+01
    32  0.5000000E+01  0.0000000E+00 -0.3636364E+01
    33  0.5000000E+01  0.0000000E+00 -0.2727273E+01
    34  0.5000000E+01  0.0000000E+00 -0.1818182E+01
    35  0.5000000E+01  0.0000000E+00 -0.9090910E+00
    36  0.5000000E+01  0.0000000E+00  0.0000000E+00
    37  0.4045085E+01  0.2938926E+01 -0.1000000E+02
    38  0.4045085E+01  0.2938926E+01 -0.9090909E+01
    39  0.4045085E+01  0.2938926E+01 -0.8181818E+01
    40  0.4045085E+01  0.2938926E+01 -0.7272727E+01
    41  0.4045085E+01  0.2938926E+01 -0.6363636E+01
    42  0.4045085E+01  0.2938926E+01 -0.5454545E+01
    43  0.4045085E+01  0.2938926E+01 -0.4545455E+01
    44  0.4045085E+01  0.2938926E+01 -0.3636364E+01
    45  0.4045085E+01  0.2938926E+01 -0.2727273E+01
    46  0.4045085E+01  0.2938926E+01 -0.1818182E+01
    47  0.4045085E+01  0.2938926E+01 -0.9090910E+00
    48  0.4045085E+01  0.2938926E+01  0.0000000E+00
    49  0.4400184E+01  0.2242005E+01 -0.1000000E+02
    50  0.4400184E+01  0.2242005E+01 -0.9090909E+01
    51  0.4400184E+01  0.2242005E+01 -0.8181818E+01
    52  0.4400184E+01  0.2242005E+01 -0.7272727E+01
    53  0.4400184E+01  0.2242005E+01 -0.6363636E+01
    54  0.4400184E+01  0.2242005E+01 -0.5454545E+01
    55  0.4400184E+01  0.2242005E+01 -0.4545455E+01
    56  0.4400184E+01  0.2242005E+01 -0.3636364E+01
    57  0.4400184E+01  0.2242005E+01 -0.2727273E+01
    58  0.4400184E+01  0.2242005E+01 -0.1818182E+01
    59  0.4400184E+01  0.2242005E+01 -0.9090910E+00
    60  0.4400184E+01  0.2242005E+01  0.0000000E+00
    61  0.4755283E+01  0.1545085E+01 -0.1000000E+02
    62  0.4755283E+01  0.1545085E+01 -0.9090909E+01
    63  0.4755283E+01  0.1545085E+01 -0.8181818E+01
    64  0.4755283E+01  0.1545085E+01 -0.7272727E+01
    65  0.4755283E+01  0.1545085E+01 -0.6363636E+01
    66  0.4755283E+01  0.1545085E+01 -0.5454545E+01
    67  0.4755283E+01  0.1545085E+01 -0.4545455E+01
    68  0.4755283E+01  0.1545085E+01 -0.3636364E+01
    69  0.4755283E+01  0.1545085E+01 -0.2727273E+01
    70  0.4755283E+01  0.1545085E+01 -0.1818182E+01
    71  0.4755283E+01  0.1545085E+01 -0.9090910E+00
    72  0.4755283E+01  0.1545085E+01  0.0000000E+00
    73  0.2938926E+01  0.4045085E+01 -0.1000000E+02
    74  0.2938926E+01  0.4045085E+01 -0.9090909E+01
    75  0.2938926E+01  0.4045085E+01 -0.8181818E+01
    76  0.2938926E+01  0.4045085E+01 -0.7272727E+01
    77  0.2938926E+01  0.4045085E+01 -0.6363636E+01
    78  0.2938926E+01  0.4045085E+01 -0.5454545E+01
    79  0.2938926E+01  0.4045085E+01 -0.4545455E+01
    80  0.2938926E+01  0.4045085E+01 -0.3636364E+01
    81  0.2938926E+01  0.4045085E+01 -0.2727273E+01
    82  0.2938926E+01  0.4045085E+01 -0.1818182E+01
    83  0.2938926E+01  0.4045085E+01 -0.9090910E+00
    84  0.2938926E+01  0.4045085E+01  0.0000000E+00
    85  0.3492005E+01  0.3492005E+01 -0.1000000E+02
    86  0.3492005E+01  0.3492005E+01 -0.9090909E+01
    87  0.3492005E+01  0.3492005E+01 -0.8181818E+01
    88  0.3492005E+01  0.3492005E+01 -0.7272727E+01
    89  0.3492005E+01  0.3492005E+01 -0.6363636E+01
    90  0.3492005E+01  0.3492005E+01 -0.5454545E+01
    91  0.3492005E+01  0.3492005E+01 -0.4545455E+01
    92  0.3492005E+01  0.3492005E+01 -0.3636364E+01
    93  0.3492005E+01  0.3492005E+01 -0.2727273E+01
    94  0.3492005E+01  0.3492005E+01 -0.1818182E+01
    95  0.3492005E+01  0.3492005E+01 -0.9090910E+00
    96  0.3492005E+01  0.3492005E+01  0.0000000E+00
    97  0.4045085E+01  0.2938926E+01 -0.1000000E+02
    98  0.4045085E+01  0.2938926E+01 -0.9090909E+01
    99  0.4045085E+01  0.2938926E+01 -0.8181818E+01
   100  0.4045085E+01  0.2938926E+01 -0.7272727E+01
   101  0.4045085E+01  0.2938926E+01 -0.6363636E+01
   102  0.4045085E+01  0.2938926E+01 -0.5454545E+01
   103  0.4045085E+01  0.2938926E+01 -0.4545455E+01
   104  0.4045085E+01  0.2938926E+01 -0.3636364E+01
   105  0.4045085E+01  0.2938926E+01 -0.2727273E+01
   106  0.4045085E+01  0.2938926E+01 -0.1818182E+01
   107  0.4045085E+01  0.2938926E+01 -0.9090910E+00
   108  0.4045085E+01  0.2938926E+01  0.0000000E+00
   109  0.1545085E+01  0.4755283E+01 -0.1000000E+02
   110  0.1545085E+01  0.4755283E+01 -0.9090909E+01
   111  0.1545085E+01  0.4755283E+01 -0.8181818E+01
   112  0.1545085E+01  0.4755283E+01 -0.7272727E+01
   113  0.1545085E+01  0.4755283E+01 -0.6363636E+01
   114  0.1545085E+01  0.4755283E+01 -0.5454545E+01
   115  0.1545085E+01  0.4755283E+01 -0.4545455E+01
   116  0.1545085E+01  0.4755283E+01 -0.3636364E+01
   117  0.1545085E+01  0.4755283E+01 -0.2727273E+01
   118  0.1545085E+01  0.4755283E+01 -0.1818182E+01
   119  0.1545085E+01  0.4755283E+01 -0.9090910E+00
   120  0.1545085E+01  0.4755283E+01  0.0000000E+00
   121  0.2242005E+01  0.4400184E+01 -0.1000000E+02
   122  0.2242005E+01  0.4400184E+01 -0.9090909E+01
   123  0.2242005E+01  0.4400184E+01 -0.8181818E+01
   124  0.2242005E+01  0.4400184E+01 -0.7272727E+01
   125  0.2242005E+01  0.4400184E+01 -0.6363636E+01
   126  0.2242005E+01  0.4400184E+01 -0.5454545E+01
   127  0.2242005E+01  0.4400184E+01 -0.4545455E+01
   128  0.2242005E+01  0.4400184E+01 -0.3636364E+01
   129  0.2242005E+01  0.4400184E+01 -0.2727273E+01
   130  0.2242005E+01  0.4400184E+01 -0.1818182E+01
   131  0.2242005E+01  0.4400184E+01 -0.9090910E+00
   132  0.2242005E+01  0.4400184E+01  0.0000000E+00
   133  0.2938926E+01  0.4045085E+01 -0.1000000E+02
   134  0.2938926E+01  0.4045085E+01 -0.9090909E+01
   135  0.2938926E+01  0.4045085E+01 -0.8181818E+01
   136  0.2938926E+01  0.4045085E+01 -0.7272727E+01
   137  0.2938926E+01  0.4045085E+01 -0.6363636E+01
   138  0.2938926E+01  0.4045085E+01 -0.5454545E+01
   139  0.2938926E+01  0.4045085E+01 -0.4545455E+01
   140  0.2938926E+01  0.4045085E+01 -0.3636364E+01
   141  0.2938926E+01  0.4045085E+01 -0.2727273E+01
   142  0.2938926E+01  0.4045085E+01 -0.1818182E+01
   143  0.2938926E+01  0.4045085E+01 -0.9090910E+00
   144  0.2938926E+01  0.4045085E+01  0.0000000E+00
   145  0.0000000E+00  0.5000000E+01 -0.1000000E+02
   146  0.0000000E+00  0.5000000E+01 -0.9090909E+01
   147  0.0000000E+00  0.5000000E+01 -0.8181818E+01
   148  0.0000000E+00  0.5000000E+01 -0.7272727E+01
   149  0.0000000E+00  0.5000000E+01 -0.6363636E+01
   150  0.0000000E+00  0.5000000E+01 -0.5454545E+01
   151  0.0000000E+00  0.5000000E+01 -0.4545455E+01
   152  0.0000000E+00  0.5000000E+01 -0.3636364E+01
   153  0.0000000E+00  0.5000000E+01 -0.2727273E+01
   154  0.0000000E+00  0.5000000E+01 -0.1818182E+01
   155  0.0000000E+00  0.5000000E+01 -0.9090910E+00
   156  0.0000000E+00  0.5000000E+01  0.0000000E+00
   157  0.7725425E+00  0.4877642E+01 -0.1000000E+02
   158  0.7725425E+00  0.4877642E+01 -0.9090909E+01
   159  0.7725425E+00  0.4877642E+01 -0.8181818E+01
   160  0.7725425E+00  0.4877642E+01 -0.7272727E+01
   161  0.7725425E+00  0.4877642E+01 -0.6363636E+01
   162  0.7725425E+00  0.4877642E+01 -0.5454545E+01
   163  0.7725425E+00  0.4877642E+01 -0.4545455E+01
   164  0.7725425E+00  0.4877642E+01 -0.3636364E+01
   165  0.7725425E+00  0.4877642E+01 -0.2727273E+01
   166  0.7725425E+00  0.4877642E+01 -0.1818182E+01
   167  0.7725425E+00  0.4877642E+01 -0.9090910E+00
   168  0.7725425E+00  0.4877642E+01  0.0000000E+00
   169  0.1545085E+01  0.4755283E+01 -0.1000000E+02
   170  0.1545085E+01  0.4755283E+01 -0.9090909E+01
   171  0.1545085E+01  0.4755283E+01 -0.8181818E+01
   172  0.1545085E+01  0.4755283E+01 -0.7272727E+01
   173  0.1545085E+01  0.4755283E+01 -0.6363636E+01
   174  0.1545085E+01  0.4755283E+01 -0.5454545E+01
   175  0.1545085E+01  0.4755283E+01 -0.4545455E+01
   176  0.1545085E+01  0.4755283E+01 -0.3636364E+01
   177  0.1545085E+01  0.4755283E+01 -0.2727273E+01
   178  0.1545085E+01  0.4755283E+01 -0.1818182E+01
   179  0.1545085E+01  0.4755283E+01 -0.9090910E+00
   180  0.1545085E+01  0.4755283E+01  0.0000000E+00
   181 -0.1545085E+01  0.4755283E+01 -0.1000000E+02
   182 -0.1545085E+01  0.4755283E+01 -0.9090909E+01
   183 -0.1545085E+01  0.4755283E+01 -0.8181818E+01
   184 -0.1545085E+01  0.4755283E+01 -0.7272727E+01
   185 -0.1545085E+01  0.4755283E+01 -0.6363636E+01
   186 -0.1545085E+01  0.4755283E+01 -0.5454545E+01
   187 -0.1545085E+01  0.4755283E+01 -0.4545455E+01
   188 -0.1545085E+01  0.4755283E+01 -0.3636364E+01
   189 -0.1545085E+01  0.4755283E+01 -0.2727273E+01
   190 -0.1545085E+01  0.4755283E+01 -0.1818182E+01
   191 -0.1545085E+01  0.4755283E+01 -0.9090910E+00
   192 -0.1545085E+01  0.4755283E+01  0.0000000E+00
   193 -0.7725425E+00  0.4877642E+01 -0.1000000E+02
   194 -0.7725425E+00  0.4877642E+01 -0.9090909E+01
   195 -0.7725425E+00  0.4877642E+01 -0.8181818E+01
   196 -0.7725425E+00  0.4877642E+01 -0.7272727E+01
   197 -0.7725425E+00  0.4877642E+01 -0.6363636E+01
   198 -0.7725425E+00  0.4877642E+01 -0.5454545E+01
   199 -0.7725425E+00  0.4877642E+01 -0.4545455E+01
   200 -0.7725425E+00  0.4877642E+01 -0.3636364E+01
   201 -0.7725425E+00  0.4877642E+01 -0.2727273E+01
   202 -0.7725425E+00  0.4877642E+01 -0.1818182E+01
   203 -0.7725425E+00  0.4877642E+01 -0.9090910E+00
   204 -0.7725425E+00  0.4877642E+01  0.0000000E+00
   205  0.0000000E+00  0.5000000E+01 -0.1000000E+02
   206  0.0000000E+00  0.5000000E+01 -0.9090909E+01
   207  0.0000000E+00  0.5000000E+01 -0.8181818E+01
   208  0.0000000E+00  0.5000000E+01 -0.7272727E+01
   209  0.0000000E+00  0.5000000E+01 -0.6363636E+01
   210  0.0000000E+00  0.5000000E+01 -0.5454545E+01
   211  0.0000000E+00  0.5000000E+01 -0.4545455E+01
   212  0.0000000E+00  0.5000000E+01 -0.3636364E+01
   213  0.0000000E+00  0.5000000E+01 -0.2727273E+01
   214  0.0000000E+00  0.5000000E+01 -0.1818182E+01
   215  0.0000000E+00  0.5000000E+01 -0.9090910E+00
   216  0.0000000E+00  0.5000000E+01  0.0000000E+00
   217 -0.2938926E+01  0.4045085E+01 -0.1000000E+02
   218 -0.2938926E+01  0.4045085E+01 -0.9090909E+01
   219 -0.2938926E+01  0.4045085E+01 -0.8181818E+01
   220 -0.2938926E+01  0.4045085E+01 -0.7272727E+01
   221 -0.2938926E+01  0.4045085E+01 -0.6363636E+01
   222 -0.2938926E+01  0.4045085E+01 -0.5454545E+01
   223 -0.2938926E+01  0.4045085E+01 -0.4545455E+01
   224 -0.2938926E+01  0.4045085E+01 -0.3636364E+01
   225 -0.2938926E+01  0.4045085E+01 -0.2727273E+01
   226 -0.2938926E+01  0.4045085E+01 -0.1818182E+01
   227 -0.2938926E+01  0.4045085E+01 -0.9090910E+00
   228 -0.2938926E+01  0.4045085E+01  0.0000000E+00
   229 -0.2242005E+01  0.4400184E+01 -0.1000000E+02
   230 -0.2242005E+01  0.4400184E+01 -0.9090909E+01
   231 -0.2242005E+01  0.4400184E+01 -0.8181818E+01
   232 -0.2242005E+01  0.4400184E+01 -0.7272727E+01
   233 -0.2242005E+01  0.4400184E+01 -0.6363636E+01
   234 -0.2242005E+01  0.4400184E+01 -0.5454545E+01
   235 -0.2242005E+01  0.4400184E+01 -0.4545455E+01
   236 -0.2242005E+01  0.4400184E+01 -0.3636364E+01
   237 -0.2242005E+01  0.4400184E+01 -0.2727273E+01
   238 -0.2242005E+01  0.4400184E+01 -0.1818182E+01
   239 -0.2242005E+01  0.4400184E+01 -0.9090910E+00
   240 -0.2242005E+01  0.4400184E+01  0.0000000E+00
   241 -0.1545085E+01  0.4755283E+01 -0.1000000E+02
   242 -0.1545085E+01  0.4755283E+01 -0.9090909E+01
   243 -0.1545085E+01  0.4755283E+01 -0.8181818E+01
   244 -0.1545085E+01  0.4755283E+01 -0.7272727E+01
   245 -0.1545085E+01  0.4755283E+01 -0.6363636E+01
   246 -0.1545085E+01  0.4755283E+01 -0.5454545E+01
   247 -0.1545085E+01  0.4755283E+01 -0.4545455E+01
   248 -0.1545085E+01  0.4755283E+01 -0.3636364E+01
   249 -0.1545085E+01  0.4755283E+01 -0.2727273E+01
   250 -0.1545085E+01  0.4755283E+01 -0.1818182E+01
   251 -0.1545085E+01  0.4755283E+01 -0.9090910E+00
   252 -0.1545085E+01  0.4755283E+01  0.0000000E+00
   253 -0.4045085E+01  0.2938926E+01 -0.1000000E+02
   254 -0.4045085E+01  0.2938926E+01 -0.9090909E+01
   255 -0.4045085E+01  0.2938926E+01 -0.8181818E+01
   256 -0.4045085E+01  0.2938926E+01 -0.7272727E+01
   257 -0.4045085E+01  0.2938926E+01 -0.6363636E+01
   258 -0.4045085E+01  0.2938926E+01 -0.5454545E+01
   259 -0.4045085E+01  0.2938926E+01 -0.4545455E+01
   260 -0.4045085E+01  0.2938926E+01 -0.3636364E+01
   261 -0.4045085E+01  0.2938926E+01 -0.2727273E+01
   262 -0.4045085E+01  0.2938926E+01 -0.1818182E+01
   263 -0.4045085E+01  0.2938926E+01 -0.9090910E+00
   264 -0.4045085E+01  0.2938926E+01  0.0000000E+00
   265 -0.3492005E+01  0.3492005E+01 -0.1000000E+02
   266 -0.3492005E+01  0.3492005E+01 -0.9090909E+01
   267 -0.3492005E+01  0.3492005E+01 -0.8181818E+01
   268 -0.3492005E+01  0.3492005E+01 -0.7272727E+01
   269 -0.3492005E+01  0.3492005E+01 -0.6363636E+01
   270 -0.3492005E+01  0.3492005E+01 -0.5454545E+01
   271 -0.3492005E+01  0.3492005E+01 -0.4545455E+01
   272 -0.3492005E+01  0.3492005E+01 -0.3636364E+01
   273 -0.3492005E+01  0.3492005E+01 -0.2727273E+01
   274 -0.3492005E+01  0.3492005E+01 -0.1818182E+01
   275 -0.3492005E+01  0.3492005E+01 -0.9090910E+00
   276 -0.3492005E+01  0.3492005E+01  0.0000000E+00
   277 -0.2938926E+01  0.4045085E+01 -0.1000000E+02
   278 -0.2938926E+01  0.4045085E+01 -0.9090909E+01
   279 -0.2938926E+01  0.4045085E+01 -0.8181818E+01
   280 -0.2938926E+01  0.4045085E+01 -0.7272727E+01
   281 -0.2938926E+01  0.4045085E+01 -0.6363636E+01
   282 -0.2938926E+01  0.4045085E+01 -0.5454545E+01
   283 -0.2938926E+01  0.4045085E+01 -0.4545455E+01
   284 -0.2938926E+01  0.4045085E+01 -0.3636364E+01
   285 -0.2938926E+01  0.4045085E+01 -0.2727273E+01
   286 -0.2938926E+01  0.4045085E+01 -0.1818182E+01
   287 -0.2938926E+01  0.4045085E+01 -0.9090910E+00
   288 -0.2938926E+01  0.4045085E+01  0.0000000E+00
   289 -0.4755283E+01  0.1545085E+01 -0.1000000E+02
   290 -0.4755283E+01  0.1545085E+01 -0.9090909E+01
   291 -0.4755283E+01  0.1545085E+01 -0.8181818E+01
   292 -0.4755283E+01  0.1545085E+01 -0.7272727E+01
   293 -0.4755283E+01  0.1545085E+01 -0.6363636E+01
   294 -0.4755283E+01  0.1545085E+01 -0.5454545E+01
   295 -0.4755283E+01  0.1545085E+01 -0.4545455E+01
   296 -0.4755283E+01  0.1545085E+01 -0.3636364E+01
   297 -0.4755283E+01  0.1545085E+01 -0.2727273E+01
   298 -0.4755283E+01  0.1545085E+01 -0.1818182E+01
   299 -0.4755283E+01  0.1545085E+01 -0.9090910E+00
   300 -0.4755283E+01  0.1545085E+01  0.0000000E+00
   301 -0.4400184E+01  0.2242005E+01 -0.1000000E+02
   302 -0.4400184E+01  0.2242005E+01 -0.9090909E+01
   303 -0.4400184E+01  0.2242005E+01 -0.8181818E+01
   304 -0.4400184E+01  0.2242005E+01 -0.7272727E+01
   305 -0.4400184E+01  0.2242005E+01 -0.6363636E+01
   306 -0.4400184E+01  0.2242005E+01 -0.5454545E+01
   307 -0.4400184E+01  0.2242005E+01 -0.4545455E+01
   308 -0.4400184E+01  0.2242005E+01 -0.3636364E+01
   309 -0.4400184E+01  0.2242005E+01 -0.2727273E+01
   310 -0.4400184E+01  0.2242005E+01 -0.1818182E+01
   311 -0.4400184E+01  0.2242005E+01 -0.9090910E+00
   312 -0.4400184E+01  0.2242005E+01  0.0000000E+00
   313 -0.4045085E+01  0.2938926E+01 -0.1000000E+02
   314 -0.4045085E+01  0.2938926E+01 -0.9090909E+01
   315 -0.4045085E+01  0.2938926E+01 -0.8181818E+01
   316 -0.4045085E+01  0.2938926E+01 -0.7272727E+01
   317 -0.4045085E+01  0.2938926E+01 -0.6363636E+01
   318 -0.4045085E+01  0.2938926E+01 -0.5454545E+01
   319 -0.4045085E+01  0.2938926E+01 -0.4545455E+01
   320 -0.4045085E+01  0.2938926E+01 -0.3636364E+01
   321 -0.4045085E+01  0.2938926E+01 -0.2727273E+01
   322 -0.4045085E+01  0.2938926E+01 -0.1818182E+01
   323 -0.4045085E+01  0.2938926E+01 -0.9090910E+00
   324 -0.4045085E+01  0.2938926E+01  0.0000000E+00
   325 -0.5000000E+01  0.0000000E+00 -0.1000000E+02
   326 -0.5000000E+01  0.0000000E+00 -0.9090909E+01
   327 -0.5000000E+01  0.0000000E+00 -0.8181818E+01
   328 -0.5000000E+01  0.0000000E+00 -0.7272727E+01
   329 -0.5000000E+01  0.0000000E+00 -0.6363636E+01
   330 -0.5000000E+01  0.0000000E+00 -0.5454545E+01
   331 -0.5000000E+01  0.0000000E+00 -0.4545455E+01
   332 -0.5000000E+01  0.0000000E+00 -0.3636364E+01
   333 -0.5000000E+01  0.0000000E+00 -0.2727273E+01
   334 -0.5000000E+01  0.0000000E+00 -0.1818182E+01
   335 -0.5000000E+01  0.0000000E+00 -0.9090910E+00
   336 -0.5000000E+01  0.0000000E+00  0.0000000E+00
   337 -0.4877642E+01  0.7725425E+00 -0.1000000E+02
   338 -0.4877642E+01  0.7725425E+00 -0.9090909E+01
   339 -0.4877642E+01  0.7725425E+00 -0.8181818E+01
   340 -0.4877642E+01  0.7725425E+00 -0.7272727E+01
   341 -0.4877642E+01  0.7725425E+00 -0.6363636E+01
   342 -0.4877642E+01  0.7725425E+00 -0.5454545E+01
   343 -0.4877642E+01  0.7725425E+00 -0.4545455E+01
   344 -0.4877642E+01  0.7725425E+00 -0.3636364E+01
   345 -0.4877642E+01  0.7725425E+00 -0.2727273E+01
   346 -0.4877642E+01  0.7725425E+00 -0.1818182E+01
   347 -0.4877642E+01  0.7725425E+00 -0.9090910E+00
   348 -0.4877642E+01  0.7725425E+00  0.0000000E+00
   349 -0.4755283E+01  0.1545085E+01 -0.1000000E+02
   350 -0.4755283E+01  0.1545085E+01 -0.9090909E+01
   351 -0.4755283E+01  0.1545085E+01 -0.8181818E+01
   352 -0.4755283E+01  0.1545085E+01 -0.7272727E+01
   353 -0.4755283E+01  0.1545085E+01 -0.6363636E+01
   354 -0.4755283E+01  0.1545085E+01 -0.5454545E+01
   355 -0.4755283E+01  0.1545085E+01 -0.4545455E+01
   356 -0.4755283E+01  0.1545085E+01 -0.3636364E+01
   357 -0.4755283E+01  0.1545085E+01 -0.2727273E+01
   358 -0.4755283E+01  0.1545085E+01 -0.1818182E+01
   359 -0.4755283E+01  0.1545085E+01 -0.9090910E+00
   360 -0.4755283E+01  0.1545085E+01  0.0000000E+00
   361  0.0000000E+00  0.0000000E+00 -0.1000000E+02
   362  0.0000000E+00  0.0000000E+00 -0.1000000E+02
   363  0.8333333E+00  0.0000000E+00 -0.1000000E+02
   364  0.7925472E+00  0.2575141E+00 -0.1000000E+02
   365  0.1666667E+01  0.0000000E+00 -0.1000000E+02
   366  0.1585094E+01  0.5150283E+00 -0.1000000E+02
   367  0.2500000E+01  0.0000000E+00 -0.1000000E+02
   368  0.2377641E+01  0.7725425E+00 -0.1000000E+02
   369  0.3333333E+01  0.0000000E+00 -0.1000000E+02
   370  0.3170189E+01  0.1030057E+01 -0.1000000E+02
   371  0.4166667E+01  0.0000000E+00 -0.1000000E+02
   372  0.3962736E+01  0.1287571E+01 -0.1000000E+02
   373  0.5000000E+01  0.0000000E+00 -0.1000000E+02
   374  0.4755283E+01  0.1545085E+01 -0.1000000E+02
   375  0.0000000E+00  0.0000000E+00 -0.1000000E+02
   376  0.0000000E+00  0.0000000E+00 -0.1000000E+02
   377  0.7925472E+00  0.2575141E+00 -0.1000000E+02
   378  0.6741808E+00  0.4898210E+00 -0.1000000E+02
   379  0.1585094E+01  0.5150283E+00 -0.1000000E+02
   380  0.1348362E+01  0.9796420E+00 -0.1000000E+02
   381  0.2377641E+01  0.7725425E+00 -0.1000000E+02
   382  0.2022542E+01  0.1469463E+01 -0.1000000E+02
   383  0.3170189E+01  0.1030057E+01 -0.1000000E+02
   384  0.2696723E+01  0.1959284E+01 -0.1000000E+02
   385  0.3962736E+01  0.1287571E+01 -0.1000000E+02
   386  0.3370904E+01  0.2449105E+01 -0.1000000E+02
   387  0.4755283E+01  0.1545085E+01 -0.1000000E+02
   388  0.4045085E+01  0.2938926E+01 -0.1000000E+02
   389  0.0000000E+00  0.0000000E+00 -0.1000000E+02
   390  0.0000000E+00  0.0000000E+00 -0.1000000E+02
   391  0.6741808E+00  0.4898210E+00 -0.1000000E+02
   392  0.4898210E+00  0.6741808E+00 -0.1000000E+02
   393  0.1348362E+01  0.9796420E+00 -0.1000000E+02
   394  0.9796420E+00  0.1348362E+01 -0.1000000E+02
   395  0.2022542E+01  0.1469463E+01 -0.1000000E+02
   396  0.1469463E+01  0.2022542E+01 -0.1000000E+02
   397  0.2696723E+01  0.1959284E+01 -0.1000000E+02
   398  0.1959284E+01  0.2696723E+01 -0.1000000E+02
   399  0.3370904E+01  0.2449105E+01 -0.1000000E+02
   400  0.2449105E+01  0.3370904E+01 -0.1000000E+02
   401  0.4045085E+01  0.2938926E+01 -0.1000000E+02
   402  0.2938926E+01  0.4045085E+01 -0.1000000E+02
   403  0.0000000E+00  0.0000000E+00 -0.1000000E+02
   404  0.0000000E+00  0.0000000E+00 -0.1000000E+02
   405  0.4898210E+00  0.6741808E+00 -0.1000000E+02
   406  0.2575141E+00  0.7925472E+00 -0.1000000E+02
   407  0.9796420E+00  0.1348362E+01 -0.1000000E+02
   408  0.5150283E+00  0.1585094E+01 -0.1000000E+02
   409  0.1469463E+01  0.2022542E+01 -0.1000000E+02
   410  0.7725425E+00  0.2377641E+01 -0.1000000E+02
   411  0.1959284E+01  0.2696723E+01 -0.1000000E+02
   412  0.1030057E+01  0.3170189E+01 -0.1000000E+02
   413  0.2449105E+01  0.3370904E+01 -0.1000000E+02
   414  0.1287571E+01  0.3962736E+01 -0.1000000E+02
   415  0.2938926E+01  0.4045085E+01 -0.1000000E+02
   416  0.1545085E+01  0.4755283E+01 -0.1000000E+02
   417  0.0000000E+00  0.0000000E+00 -0.1000000E+02
   418  0.0000000E+00  0.0000000E+00 -0.1000000E+02
   419  0.2575141E+00  0.7925472E+00 -0.1000000E+02
   420  0.0000000E+00  0.8333333E+00 -0.1000000E+02
   421  0.5150283E+00  0.1585094E+01 -0.1000000E+02
   422  0.0000000E+00  0.1666667E+01 -0.1000000E+02
   423  0.7725425E+00  0.2377641E+01 -0.1000000E+02
   424  0.0000000E+00  0.2500000E+01 -0.1000000E+02
   425  0.1030057E+01  0.3170189E+01 -0.1000000E+02
   426  0.0000000E+00  0.3333333E+01 -0.1000000E+02
   427  0.1287571E+01  0.3962736E+01 -0.1000000E+02
   428  0.0000000E+00  0.4166667E+01 -0.1000000E+02
   429  0.1545085E+01  0.4755283E+01 -0.1000000E+02
   430  0.0000000E+00  0.5000000E+01 -0.1000000E+02
   431  0.0000000E+00  0.0000000E+00 -0.1000000E+02
   432  0.0000000E+00  0.0000000E+00 -0.1000000E+02
   433  0.0000000E+00  0.8333333E+00 -0.1000000E+02
   434 -0.2575141E+00  0.7925472E+00 -0.1000000E+02
   435  0.0000000E+00  0.1666667E+01 -0.1000000E+02
   436 -0.5150283E+00  0.1585094E+01 -0.1000000E+02
   437  0.0000000E+00  0.2500000E+01 -0.1000000E+02
   438 -0.7725425E+00  0.2377641E+01 -0.1000000E+02
   439  0.0000000E+00  0.3333333E+01 -0.1000000E+02
   440 -0.1030057E+01  0.3170189E+01 -0.1000000E+02
   441  0.0000000E+00  0.4166667E+01 -0.1000000E+02
   442 -0.1287571E+01  0.3962736E+01 -0.1000000E+02
   443  0.0000000E+00  0.5000000E+01 -0.1000000E+02
   444 -0.1545085E+01  0.4755283E+01 -0.1000000E+02
   445  0.0000000E+00  0.0000000E+00 -0.1000000E+02
   446  0.0000000E+00  0.0000000E+00 -0.1000000E+02
   447 -0.2575141E+00  0.7925472E+00 -0.1000000E+02
   448 -0.4898210E+00  0.6741808E+00 -0.1000000E+02
   449 -0.5150283E+00  0.1585094E+01 -0.1000000E+02
   450 -0.9796420E+00  0.1348362E+01 -0.1000000E+02
   451 -0.7725425E+00  0.2377641E+01 -0.1000000E+02
   452 -0.1469463E+01  0.2022542E+01 -0.1000000E+02
   453 -0.1030057E+01  0.3170189E+01 -0.1000000E+02
   454 -0.1959284E+01  0.2696723E+01 -0.1000000E+02
   455 -0.1287571E+01  0.3962736E+01 -0.1000000E+02
   456 -0.2449105E+01  0.3370904E+01 -0.1000000E+02
   457 -0.1545085E+01  0.4755283E+01 -0.1000000E+02
   458 -0.2938926E+01  0.4045085E+01 -0.1000000E+02
   459  0.0000000E+00  0.0000000E+00 -0.1000000E+02
   460  0.0000000E+00  0.0000000E+00 -0.1000000E+02
   461 -0.4898210E+00  0.6741808E+00 -0.1000000E+02
   462 -0.6741808E+00  0.4898210E+00 -0.1000000E+02
   463 -0.9796420E+00  0.1348362E+01 -0.1000000E+02
   464 -0.1348362E+01  0.9796420E+00 -0.1000000E+02
   465 -0.1469463E+01  0.2022542E+01 -0.1000000E+02
   466 -0.2022542E+01  0.1469463E+01 -0.1000000E+02
   467 -0.1959284E+01  0.2696723E+01 -0.1000000E+02
   468 -0.2696723E+01  0.1959284E+01 -0.1000000E+02
   469 -0.2449105E+01  0.3370904E+01 -0.1000000E+02
   470 -0.3370904E+01  0.2449105E+01 -0.1000000E+02
   471 -0.2938926E+01  0.4045085E+01 -0.1000000E+02
   472 -0.4045085E+01  0.2938926E+01 -0.1000000E+02
   473  0.0000000E+00  0.0000000E+00 -0.1000000E+02
   474  0.0000000E+00  0.0000000E+00 -0.1000000E+02
   475 -0.6741808E+00  0.4898210E+00 -0.1000000E+02
   476 -0.7925472E+00  0.2575141E+00 -0.1000000E+02
   477 -0.1348362E+01  0.9796420E+00 -0.1000000E+02
   478 -0.1585094E+01  0.5150283E+00 -0.1000000E+02
   479 -0.2022542E+01  0.1469463E+01 -0.1000000E+02
   480 -0.2377641E+01  0.7725425E+00 -0.1000000E+02
   481 -0.2696723E+01  0.1959284E+01 -0.1000000E+02
   482 -0.3170189E+01  0.1030057E+01 -0.1000000E+02
   483 -0.3370904E+01  0.2449105E+01 -0.1000000E+02
   484 -0.3962736E+01  0.1287571E+01 -0.1000000E+02
   485 -0.4045085E+01  0.2938926E+01 -0.1000000E+02
   486 -0.4755283E+01  0.1545085E+01 -0.1000000E+02
   487  0.0000000E+00  0.0000000E+00 -0.1000000E+02
   488  0.0000000E+00  0.0000000E+00 -0.1000000E+02
   489 -0.7925472E+00  0.2575141E+00 -0.1000000E+02
   490 -0.8333333E+00  0.0000000E+00 -0.1000000E+02
   491 -0.1585094E+01  0.5150283E+00 -0.1000000E+02
   492 -0.1666667E+01  0.0000000E+00 -0.1000000E+02
   493 -0.2377641E+01  0.7725425E+00 -0.1000000E+02
   494 -0.2500000E+01  0.0000000E+00 -0.1000000E+02
   495 -0.3170189E+01  0.1030057E+01 -0.1000000E+02
   496 -0.3333333E+01  0.0000000E+00 -0.1000000E+02
   497 -0.3962736E+01  0.1287571E+01 -0.1000000E+02
   498 -0.4166667E+01  0.0000000E+00 -0.1000000E+02
   499 -0.4755283E+01  0.1545085E+01 -0.1000000E+02
   500 -0.5000000E+01  0.0000000E+00 -0.1000000E+02
   501  0.3500000E+02  0.0000000E+00 -0.5000000E+01
   502  0.3500000E+02  0.0000000E+00 -0.4285714E+01
   503  0.3500000E+02  0.0000000E+00 -0.3571429E+01
   504  0.3500000E+02  0.0000000E+00 -0.2857143E+01
   505  0.3500000E+02  0.0000000E+00 -0.2142857E+01
   506  0.3500000E+02  0.0000000E+00 -0.1428571E+01
   507  0.3500000E+02  0.0000000E+00 -0.7142859E+00
   508  0.3500000E+02  0.0000000E+00  0.0000000E+00
   509  0.3500000E+02  0.7142857E+00 -0.5000000E+01
   510  0.3500000E+02  0.7142857E+00 -0.4285714E+01
   511  0.3500000E+02  0.7142857E+00 -0.3571429E+01
   512  0.3500000E+02  0.7142857E+00 -0.2857143E+01
   513  0.3500000E+02  0.7142857E+00 -0.2142857E+01
   514  0.3500000E+02  0.7142857E+00 -0.1428571E+01
   515  0.3500000E+02  0.7142857E+00 -0.7142859E+00
   516  0.3500000E+02  0.7142857E+00  0.0000000E+00
   517  0.3500000E+02  0.1428571E+01 -0.5000000E+01
   518  0.3500000E+02  0.1428571E+01 -0.4285714E+01
   519  0.3500000E+02  0.1428571E+01 -0.3571429E+01
   520  0.3500000E+02  0.1428571E+01 -0.2857143E+01
   521  0.3500000E+02  0.1428571E+01 -0.2142857E+01
   522  0.3500000E+02  0.1428571E+01 -0.1428571E+01
   523  0.3500000E+02  0.1428571E+01 -0.7142859E+00
   524  0.3500000E+02  0.1428571E+01  0.0000000E+00
   525  0.3500000E+02  0.2142857E+01 -0.5000000E+01
   526  0.3500000E+02  0.2142857E+01 -0.4285714E+01
   527  0.3500000E+02  0.2142857E+01 -0.3571429E+01
   528  0.3500000E+02  0.2142857E+01 -0.2857143E+01
   529  0.3500000E+02  0.2142857E+01 -0.2142857E+01
   530  0.3500000E+02  0.2142857E+01 -0.1428571E+01
   531  0.3500000E+02  0.2142857E+01 -0.7142859E+00
   532  0.3500000E+02  0.2142857E+01  0.0000000E+00
   533  0.3500000E+02  0.2857143E+01 -0.5000000E+01
   534  0.3500000E+02  0.2857143E+01 -0.4285714E+01
   535  0.3500000E+02  0.2857143E+01 -0.3571429E+01
   536  0.3500000E+02  0.2857143E+01 -0.2857143E+01
   537  0.3500000E+02  0.2857143E+01 -0.2142857E+01
   538  0.3500000E+02  0.2857143E+01 -0.1428571E+01
   539  0.3500000E+02  0.2857143E+01 -0.7142859E+00
   540  0.3500000E+02  0.2857143E+01  0.0000000E+00
   541  0.3500000E+02  0.3571429E+01 -0.5000000E+01
   542  0.3500000E+02  0.3571429E+01 -0.4285714E+01
   543  0.3500000E+02  0.3571429E+01 -0.3571429E+01
   544  0.3500000E+02  0.3571429E+01 -0.2857143E+01
   545  0.3500000E+02  0.3571429E+01 -0.2142857E+01
   546  0.3500000E+02  0.3571429E+01 -0.1428571E+01
   547  0.3500000E+02  0.3571429E+01 -0.7142859E+00
   548  0.3500000E+02  0.3571429E+01  0.0000000E+00
   549  0.3500000E+02  0.4285714E+01 -0.5000000E+01
   550  0.3500000E+02  0.4285714E+01 -0.4285714E+01
   551  0.3500000E+02  0.4285714E+01 -0.3571429E+01
   552  0.3500000E+02  0.4285714E+01 -0.2857143E+01
   553  0.3500000E+02  0.4285714E+01 -0.2142857E+01
   554  0.3500000E+02  0.4285714E+01 -0.1428571E+01
   555  0.3500000E+02  0.4285714E+01 -0.7142859E+00
   556  0.3500000E+02  0.4285714E+01  0.0000000E+00
   557  0.3500000E+02  0.5000000E+01 -0.5000000E+01
   558  0.3500000E+02  0.5000000E+01 -0.4285714E+01
   559  0.3500000E+02  0.5000000E+01 -0.3571429E+01
   560  0.3500000E+02  0.5000000E+01 -0.2857143E+01
   561  0.3500000E+02  0.5000000E+01 -0.2142857E+01
   562  0.3500000E+02  0.5000000E+01 -0.1428571E+01
   563  0.3500000E+02  0.5000000E+01 -0.7142859E+00
   564  0.3500000E+02  0.5000000E+01  0.0000000E+00
   565  0.3500000E+02  0.5000000E+01 -0.5000000E+01
   566  0.3500000E+02  0.5000000E+01 -0.4285714E+01
   567  0.3500000E+02  0.5000000E+01 -0.3571429E+01
   568  0.3500000E+02  0.5000000E+01 -0.2857143E+01
   569  0.3500000E+02  0.5000000E+01 -0.2142857E+01
   570  0.3500000E+02  0.5000000E+01 -0.1428571E+01
   571  0.3500000E+02  0.5000000E+01 -0.7142859E+00
   572  0.3500000E+02  0.5000000E+01  0.0000000E+00
   573  0.3571429E+02  0.5000000E+01 -0.5000000E+01
   574  0.3571429E+02  0.5000000E+01 -0.4285714E+01
   575  0.3571429E+02  0.5000000E+01 -0.3571429E+01
   576  0.3571429E+02  0.5000000E+01 -0.2857143E+01
   577  0.3571429E+02  0.5000000E+01 -0.2142857E+01
   578  0.3571429E+02  0.5000000E+01 -0.1428571E+01
   579  0.3571429E+02  0.5000000E+01 -0.7142859E+00
   580  0.3571429E+02  0.5000000E+01  0.0000000E+00
   581  0.3642857E+02  0.5000000E+01 -0.5000000E+01
   582  0.3642857E+02  0.5000000E+01 -0.4285714E+01
   583  0.3642857E+02  0.5000000E+01 -0.3571429E+01
   584  0.3642857E+02  0.5000000E+01 -0.2857143E+01
   585  0.3642857E+02  0.5000000E+01 -0.2142857E+01
   586  0.3642857E+02  0.5000000E+01 -0.1428571E+01
   587  0.3642857E+02  0.5000000E+01 -0.7142859E+00
   588  0.3642857E+02  0.5000000E+01  0.0000000E+00
   589  0.3714286E+02  0.5000000E+01 -0.5000000E+01
   590  0.3714286E+02  0.5000000E+01 -0.4285714E+01
   591  0.3714286E+02  0.5000000E+01 -0.3571429E+01
   592  0.3714286E+02  0.5000000E+01 -0.2857143E+01
   593  0.3714286E+02  0.5000000E+01 -0.2142857E+01
   594  0.3714286E+02  0.5000000E+01 -0.1428571E+01
   595  0.3714286E+02  0.5000000E+01 -0.7142859E+00
   596  0.3714286E+02  0.5000000E+01  0.0000000E+00
   597  0.3785714E+02  0.5000000E+01 -0.5000000E+01
   598  0.3785714E+02  0.5000000E+01 -0.4285714E+01
   599  0.3785714E+02  0.5000000E+01 -0.3571429E+01
   600  0.3785714E+02  0.5000000E+01 -0.2857143E+01
   601  0.3785714E+02  0.5000000E+01 -0.2142857E+01
   602  0.3785714E+02  0.5000000E+01 -0.1428571E+01
   603  0.3785714E+02  0.5000000E+01 -0.7142859E+00
   604  0.3785714E+02  0.5000000E+01  0.0000000E+00
   605  0.3857143E+02  0.5000000E+01 -0.5000000E+01
   606  0.3857143E+02  0.5000000E+01 -0.4285714E+01
   607  0.3857143E+02  0.5000000E+01 -0.3571429E+01
   608  0.3857143E+02  0.5000000E+01 -0.2857143E+01
   609  0.3857143E+02  0.5000000E+01 -0.2142857E+01
   610  0.3857143E+02  0.5000000E+01 -0.1428571E+01
   611  0.3857143E+02  0.5000000E+01 -0.7142859E+00
   612  0.3857143E+02  0.5000000E+01  0.0000000E+00
   613  0.3928571E+02  0.5000000E+01 -0.5000000E+01
   614  0.3928571E+02  0.5000000E+01 -0.4285714E+01
   615  0.3928571E+02  0.5000000E+01 -0.3571429E+01
   616  0.3928571E+02  0.5000000E+01 -0.2857143E+01
   617  0.3928571E+02  0.5000000E+01 -0.2142857E+01
   618  0.3928571E+02  0.5000000E+01 -0.1428571E+01
   619  0.3928571E+02  0.5000000E+01 -0.7142859E+00
   620  0.3928571E+02  0.5000000E+01  0.0000000E+00
   621  0.4000000E+02  0.5000000E+01 -0.5000000E+01
   622  0.4000000E+02  0.5000000E+01 -0.4285714E+01
   623  0.4000000E+02  0.5000000E+01 -0.3571429E+01
   624  0.4000000E+02  0.5000000E+01 -0.2857143E+01
   625  0.4000000E+02  0.5000000E+01 -0.2142857E+01
   626  0.4000000E+02  0.5000000E+01 -0.1428571E+01
   627  0.4000000E+02  0.5000000E+01 -0.7142859E+00
   628  0.4000000E+02  0.5000000E+01  0.0000000E+00
   629  0.4000000E+02  0.5000000E+01 -0.5000000E+01
   630  0.4000000E+02  0.5000000E+01 -0.4285714E+01
   631  0.4000000E+02  0.5000000E+01 -0.3571429E+01
   632  0.4000000E+02  0.5000000E+01 -0.2857143E+01
   633  0.4000000E+02  0.5000000E+01 -0.2142857E+01
   634  0.4000000E+02  0.5000000E+01 -0.1428571E+01
   635  0.4000000E+02  0.5000000E+01 -0.7142859E+00
   636  0.4000000E+02  0.5000000E+01  0.0000000E+00
   637  0.4071429E+02  0.5000000E+01 -0.5000000E+01
   638  0.4071429E+02  0.5000000E+01 -0.4285714E+01
   639  0.4071429E+02  0.5000000E+01 -0.3571429E+01
   640  0.4071429E+02  0.5000000E+01 -0.2857143E+01
   641  0.4071429E+02  0.5000000E+01 -0.2142857E+01
   642  0.4071429E+02  0.5000000E+01 -0.1428571E+01
   643  0.4071429E+02  0.5000000E+01 -0.7142859E+00
   644  0.4071429E+02  0.5000000E+01  0.0000000E+00
   645  0.4142857E+02  0.5000000E+01 -0.5000000E+01
   646  0.4142857E+02  0.5000000E+01 -0.4285714E+01
   647  0.4142857E+02  0.5000000E+01 -0.3571429E+01
   648  0.4142857E+02  0.5000000E+01 -0.2857143E+01
   649  0.4142857E+02  0.5000000E+01 -0.2142857E+01
   650  0.4142857E+02  0.5000000E+01 -0.1428571E+01
   651  0.4142857E+02  0.5000000E+01 -0.7142859E+00
   652  0.4142857E+02  0.5000000E+01  0.0000000E+00
   653  0.4214286E+02  0.5000000E+01 -0.5000000E+01
   654  0.4214286E+02  0.5000000E+01 -0.4285714E+01
   655  0.4214286E+02  0.5000000E+01 -0.3571429E+01
   656  0.4214286E+02  0.5000000E+01 -0.2857143E+01
   657  0.4214286E+02  0.5000000E+01 -0.2142857E+01
   658  0.4214286E+02  0.5000000E+01 -0.1428571E+01
   659  0.4214286E+02  0.5000000E+01 -0.7142859E+00
   660  0.4214286E+02  0.5000000E+01  0.0000000E+00
   661  0.4285714E+02  0.5000000E+01 -0.5000000E+01
   662  0.4285714E+02  0.5000000E+01 -0.4285714E+01
   663  0.4285714E+02  0.5000000E+01 -0.3571429E+01
   664  0.4285714E+02  0.5000000E+01 -0.2857143E+01
   665  0.4285714E+02  0.5000000E+01 -0.2142857E+01
   666  0.4285714E+02  0.5000000E+01 -0.1428571E+01
   667  0.4285714E+02  0.5000000E+01 -0.7142859E+00
   668  0.4285714E+02  0.5000000E+01  0.0000000E+00
   669  0.4357143E+02  0.5000000E+01 -0.5000000E+01
   670  0.4357143E+02  0.5000000E+01 -0.4285714E+01
   671  0.4357143E+02  0.5000000E+01 -0.3571429E+01
   672  0.4357143E+02  0.5000000E+01 -0.2857143E+01
   673  0.4357143E+02  0.5000000E+01 -0.2142857E+01
   674  0.4357143E+02  0.5000000E+01 -0.1428571E+01
   675  0.4357143E+02  0.5000000E+01 -0.7142859E+00
   676  0.4357143E+02  0.5000000E+01  0.0000000E+00
   677  0.4428571E+02  0.5000000E+01 -0.5000000E+01
   678  0.4428571E+02  0.5000000E+01 -0.4285714E+01
   679  0.4428571E+02  0.5000000E+01 -0.3571429E+01
   680  0.4428571E+02  0.5000000E+01 -0.2857143E+01
   681  0.4428571E+02  0.5000000E+01 -0.2142857E+01
   682  0.4428571E+02  0.5000000E+01 -0.1428571E+01
   683  0.4428571E+02  0.5000000E+01 -0.7142859E+00
   684  0.4428571E+02  0.5000000E+01  0.0000000E+00
   685  0.4500000E+02  0.5000000E+01 -0.5000000E+01
   686  0.4500000E+02  0.5000000E+01 -0.4285714E+01
   687  0.4500000E+02  0.5000000E+01 -0.3571429E+01
   688  0.4500000E+02  0.5000000E+01 -0.2857143E+01
   689  0.4500000E+02  0.5000000E+01 -0.2142857E+01
   690  0.4500000E+02  0.5000000E+01 -0.1428571E+01
   691  0.4500000E+02  0.5000000E+01 -0.7142859E+00
   692  0.4500000E+02  0.5000000E+01  0.0000000E+00
   693  0.4500000E+02  0.5000000E+01 -0.5000000E+01
   694  0.4500000E+02  0.5000000E+01 -0.4285714E+01
   695  0.4500000E+02  0.5000000E+01 -0.3571429E+01
   696  0.4500000E+02  0.5000000E+01 -0.2857143E+01
   697  0.4500000E+02  0.5000000E+01 -0.2142857E+01
   698  0.4500000E+02  0.5000000E+01 -0.1428571E+01
   699  0.4500000E+02  0.5000000E+01 -0.7142859E+00
   700  0.4500000E+02  0.5000000E+01  0.0000000E+00
   701  0.4500000E+02  0.4285714E+01 -0.5000000E+01
   702  0.4500000E+02  0.4285714E+01 -0.4285714E+01
   703  0.4500000E+02  0.4285714E+01 -0.3571429E+01
   704  0.4500000E+02  0.4285714E+01 -0.2857143E+01
   705  0.4500000E+02  0.4285714E+01 -0.2142857E+01
   706  0.4500000E+02  0.4285714E+01 -0.1428571E+01
   707  0.4500000E+02  0.4285714E+01 -0.7142859E+00
   708  0.4500000E+02  0.4285714E+01  0.0000000E+00
   709  0.4500000E+02  0.3571429E+01 -0.5000000E+01
   710  0.4500000E+02  0.3571429E+01 -0.4285714E+01
   711  0.4500000E+02  0.3571429E+01 -0.3571429E+01
   712  0.4500000E+02  0.3571429E+01 -0.2857143E+01
   713  0.4500000E+02  0.3571429E+01 -0.2142857E+01
   714  0.4500000E+02  0.3571429E+01 -0.1428571E+01
   715  0.4500000E+02  0.3571429E+01 -0.7142859E+00
   716  0.4500000E+02  0.3571429E+01  0.0000000E+00
   717  0.4500000E+02  0.2857143E+01 -0.5000000E+01
   718  0.4500000E+02  0.2857143E+01 -0.4285714E+01
   719  0.4500000E+02  0.2857143E+01 -0.3571429E+01
   720  0.4500000E+02  0.2857143E+01 -0.2857143E+01
   721  0.4500000E+02  0.2857143E+01 -0.2142857E+01
   722  0.4500000E+02  0.2857143E+01 -0.1428571E+01
   723  0.4500000E+02  0.2857143E+01 -0.7142859E+00
   724  0.4500000E+02  0.2857143E+01  0.0000000E+00
   725  0.4500000E+02  0.2142857E+01 -0.5000000E+01
   726  0.4500000E+02  0.2142857E+01 -0.4285714E+01
   727  0.4500000E+02  0.2142857E+01 -0.3571429E+01
   728  0.4500000E+02  0.2142857E+01 -0.2857143E+01
   729  0.4500000E+02  0.2142857E+01 -0.2142857E+01
   730  0.4500000E+02  0.2142857E+01 -0.1428571E+01
   731  0.4500000E+02  0.2142857E+01 -0.7142859E+00
   732  0.4500000E+02  0.2142857E+01  0.0000000E+00
   733  0.4500000E+02  0.1428571E+01 -0.5000000E+01
   734  0.4500000E+02  0.1428571E+01 -0.4285714E+01
   735  0.4500000E+02  0.1428571E+01 -0.3571429E+01
   736  0.4500000E+02  0.1428571E+01 -0.2857143E+01
   737  0.4500000E+02  0.1428571E+01 -0.2142857E+01
   738  0.4500000E+02  0.1428571E+01 -0.1428571E+01
   739  0.4500000E+02  0.1428571E+01 -0.7142859E+00
   740  0.4500000E+02  0.1428571E+01  0.0000000E+00
   741  0.4500000E+02  0.7142859E+00 -0.5000000E+01
   742  0.4500000E+02  0.7142859E+00 -0.4285714E+01
   743  0.4500000E+02  0.7142859E+00 -0.3571429E+01
   744  0.4500000E+02  0.7142859E+00 -0.2857143E+01
   745  0.4500000E+02  0.7142859E+00 -0.2142857E+01
   746  0.4500000E+02  0.7142859E+00 -0.1428571E+01
   747  0.4500000E+02  0.7142859E+00 -0.7142859E+00
   748  0.4500000E+02  0.7142859E+00  0.0000000E+00
   749  0.4500000E+02  0.0000000E+00 -0.5000000E+01
   750  0.4500000E+02  0.0000000E+00 -0.4285714E+01
   751  0.4500000E+02  0.0000000E+00 -0.3571429E+01
   752  0.4500000E+02  0.0000000E+00 -0.2857143E+01
   753  0.4500000E+02  0.0000000E+00 -0.2142857E+01
   754  0.4500000E+02  0.0000000E+00 -0.1428571E+01
   755  0.4500000E+02  0.0000000E+00 -0.7142859E+00
   756  0.4500000E+02  0.0000000E+00  0.0000000E+00
   757  0.4500000E+02  0.0000000E+00 -0.5000000E+01
   758  0.4428571E+02  0.0000000E+00 -0.5000000E+01
   759  0.4357143E+02  0.0000000E+00 -0.5000000E+01
   760  0.4285714E+02  0.0000000E+00 -0.5000000E+01
   761  0.4214286E+02  0.0000000E+00 -0.5000000E+01
   762  0.4142857E+02  0.0000000E+00 -0.5000000E+01
   763  0.4071429E+02  0.0000000E+00 -0.5000000E+01
   764  0.4000000E+02  0.0000000E+00 -0.5000000E+01
   765  0.4500000E+02  0.7142857E+00 -0.5000000E+01
   766  0.4428571E+02  0.7142857E+00 -0.5000000E+01
   767  0.4357143E+02  0.7142857E+00 -0.5000000E+01
   768  0.4285714E+02  0.7142857E+00 -0.5000000E+01
   769  0.4214286E+02  0.7142857E+00 -0.5000000E+01
   770  0.4142857E+02  0.7142857E+00 -0.5000000E+01
   771  0.4071429E+02  0.7142857E+00 -0.5000000E+01
   772  0.4000000E+02  0.7142857E+00 -0.5000000E+01
   773  0.4500000E+02  0.1428571E+01 -0.5000000E+01
   774  0.4428571E+02  0.1428571E+01 -0.5000000E+01
   775  0.4357143E+02  0.1428571E+01 -0.5000000E+01
   776  0.4285714E+02  0.1428571E+01 -0.5000000E+01
   777  0.4214286E+02  0.1428571E+01 -0.5000000E+01
   778  0.4142857E+02  0.1428571E+01 -0.5000000E+01
   779  0.4071429E+02  0.1428571E+01 -0.5000000E+01
   780  0.4000000E+02  0.1428571E+01 -0.5000000E+01
   781  0.4500000E+02  0.2142857E+01 -0.5000000E+01
   782  0.4428571E+02  0.2142857E+01 -0.5000000E+01
   783  0.4357143E+02  0.2142857E+01 -0.5000000E+01
   784  0.4285714E+02  0.2142857E+01 -0.5000000E+01
   785  0.4214286E+02  0.2142857E+01 -0.5000000E+01
   786  0.4142857E+02  0.2142857E+01 -0.5000000E+01
   787  0.4071429E+02  0.2142857E+01 -0.5000000E+01
   788  0.4000000E+02  0.2142857E+01 -0.5000000E+01
   789  0.4500000E+02  0.2857143E+01 -0.5000000E+01
   790  0.4428571E+02  0.2857143E+01 -0.5000000E+01
   791  0.4357143E+02  0.2857143E+01 -0.5000000E+01
   792  0.4285714E+02  0.2857143E+01 -0.5000000E+01
   793  0.4214286E+02  0.2857143E+01 -0.5000000E+01
   794  0.4142857E+02  0.2857143E+01 -0.5000000E+01
   795  0.4071429E+02  0.2857143E+01 -0.5000000E+01
   796  0.4000000E+02  0.2857143E+01 -0.5000000E+01
   797  0.4500000E+02  0.3571429E+01 -0.5000000E+01
   798  0.4428571E+02  0.3571429E+01 -0.5000000E+01
   799  0.4357143E+02  0.3571429E+01 -0.5000000E+01
   800  0.4285714E+02  0.3571429E+01 -0.5000000E+01
   801  0.4214286E+02  0.3571429E+01 -0.5000000E+01
   802  0.4142857E+02  0.3571429E+01 -0.5000000E+01
   803  0.4071429E+02  0.3571429E+01 -0.5000000E+01
   804  0.4000000E+02  0.3571429E+01 -0.5000000E+01
   805  0.4500000E+02  0.4285714E+01 -0.5000000E+01
   806  0.4428571E+02  0.4285714E+01 -0.5000000E+01
   807  0.4357143E+02  0.4285714E+01 -0.5000000E+01
   808  0.4285714E+02  0.4285714E+01 -0.5000000E+01
   809  0.4214286E+02  0.4285714E+01 -0.5000000E+01
   810  0.4142857E+02  0.4285714E+01 -0.5000000E+01
   811  0.4071429E+02  0.4285714E+01 -0.5000000E+01
   812  0.4000000E+02  0.4285714E+01 -0.5000000E+01
   813  0.4500000E+02  0.5000000E+01 -0.5000000E+01
   814  0.4428571E+02  0.5000000E+01 -0.5000000E+01
   815  0.4357143E+02  0.5000000E+01 -0.5000000E+01
   816  0.4285714E+02  0.5000000E+01 -0.5000000E+01
   817  0.4214286E+02  0.5000000E+01 -0.5000000E+01
   818  0.4142857E+02  0.5000000E+01 -0.5000000E+01
   819  0.4071429E+02  0.5000000E+01 -0.5000000E+01
   820  0.4000000E+02  0.5000000E+01 -0.5000000E+01
   821  0.4000000E+02  0.0000000E+00 -0.5000000E+01
   822  0.3928571E+02  0.0000000E+00 -0.5000000E+01
   823  0.3857143E+02  0.0000000E+00 -0.5000000E+01
   824  0.3785714E+02  0.0000000E+00 -0.5000000E+01
   825  0.3714286E+02  0.0000000E+00 -0.5000000E+01
   826  0.3642857E+02  0.0000000E+00 -0.5000000E+01
   827  0.3571429E+02  0.0000000E+00 -0.5000000E+01
   828  0.3500000E+02  0.0000000E+00 -0.5000000E+01
   829  0.4000000E+02  0.7142857E+00 -0.5000000E+01
   830  0.3928571E+02  0.7142857E+00 -0.5000000E+01
   831  0.3857143E+02  0.7142857E+00 -0.5000000E+01
   832  0.3785714E+02  0.7142857E+00 -0.5000000E+01
   833  0.3714286E+02  0.7142857E+00 -0.5000000E+01
   834  0.3642857E+02  0.7142857E+00 -0.5000000E+01
   835  0.3571429E+02  0.7142857E+00 -0.5000000E+01
   836  0.3500000E+02  0.7142857E+00 -0.5000000E+01
   837  0.4000000E+02  0.1428571E+01 -0.5000000E+01
   838  0.3928571E+02  0.1428571E+01 -0.5000000E+01
   839  0.3857143E+02  0.1428571E+01 -0.5000000E+01
   840  0.3785714E+02  0.1428571E+01 -0.5000000E+01
   841  0.3714286E+02  0.1428571E+01 -0.5000000E+01
   842  0.3642857E+02  0.1428571E+01 -0.5000000E+01
   843  0.3571429E+02  0.1428571E+01 -0.5000000E+01
   844  0.3500000E+02  0.1428571E+01 -0.5000000E+01
   845  0.4000000E+02  0.2142857E+01 -0.5000000E+01
   846  0.3928571E+02  0.2142857E+01 -0.5000000E+01
   847  0.3857143E+02  0.2142857E+01 -0.5000000E+01
   848  0.3785714E+02  0.2142857E+01 -0.5000000E+01
   849  0.3714286E+02  0.2142857E+01 -0.5000000E+01
   850  0.3642857E+02  0.2142857E+01 -0.5000000E+01
   851  0.3571429E+02  0.2142857E+01 -0.5000000E+01
   852  0.3500000E+02  0.2142857E+01 -0.5000000E+01
   853  0.4000000E+02  0.2857143E+01 -0.5000000E+01
   854  0.3928571E+02  0.2857143E+01 -0.5000000E+01
   855  0.3857143E+02  0.2857143E+01 -0.5000000E+01
   856  0.3785714E+02  0.2857143E+01 -0.5000000E+01
   857  0.3714286E+02  0.2857143E+01 -0.5000000E+01
   858  0.3642857E+02  0.2857143E+01 -0.5000000E+01
   859  0.3571429E+02  0.2857143E+01 -0.5000000E+01
   860  0.3500000E+02  0.2857143E+01 -0.5000000E+01
   861  0.4000000E+02  0.3571429E+01 -0.5000000E+01
   862  0.3928571E+02  0.3571429E+01 -0.5000000E+01
   863  0.3857143E+02  0.3571429E+01 -0.5000000E+01
   864  0.3785714E+02  0.3571429E+01 -0.5000000E+01
   865  0.3714286E+02  0.3571429E+01 -0.5000000E+01
   866  0.3642857E+02  0.3571429E+01 -0.5000000E+01
   867  0.3571429E+02  0.3571429E+01 -0.5000000E+01
   868  0.3500000E+02  0.3571429E+01 -0.5000000E+01
   869  0.4000000E+02  0.4285714E+01 -0.5000000E+01
   870  0.3928571E+02  0.4285714E+01 -0.5000000E+01
   871  0.3857143E+02  0.4285714E+01 -0.5000000E+01
   872  0.3785714E+02  0.4285714E+01 -0.5000000E+01
   873  0.3714286E+02  0.4285714E+01 -0.5000000E+01
   874  0.3642857E+02  0.4285714E+01 -0.5000000E+01
   875  0.3571429E+02  0.4285714E+01 -0.5000000E+01
   876  0.3500000E+02  0.4285714E+01 -0.5000000E+01
   877  0.4000000E+02  0.5000000E+01 -0.5000000E+01
   878  0.3928571E+02  0.5000000E+01 -0.5000000E+01
   879  0.3857143E+02  0.5000000E+01 -0.5000000E+01
   880  0.3785714E+02  0.5000000E+01 -0.5000000E+01
   881  0.3714286E+02  0.5000000E+01 -0.5000000E+01
   882  0.3642857E+02  0.5000000E+01 -0.5000000E+01
   883  0.3571429E+02  0.5000000E+01 -0.5000000E+01
   884  0.3500000E+02  0.5000000E+01 -0.5000000E+01
     0  0.0000000E+00  0.0000000E+00  0.0000000E+00
      1      2     14     13
      2      3     15     14
      3      4     16     15
      4      5     17     16
      5      6     18     17
      6      7     19     18
      7      8     20     19
      8      9     21     20
      9     10     22     21
     10     11     23     22
     11     12     24     23
     13     14     26     25
     14     15     27     26
     15     16     28     27
     16     17     29     28
     17     18     30     29
     18     19     31     30
     19     20     32     31
     20     21     33     32
     21     22     34     33
     22     23     35     34
     23     24     36     35
     37     38     50     49
     38     39     51     50
     39     40     52     51
     40     41     53     52
     41     42     54     53
     42     43     55     54
     43     44     56     55
     44     45     57     56
     45     46     58     57
     46     47     59     58
     47     48     60     59
     49     50     62     61
     50     51     63     62
     51     52     64     63
     52     53     65     64
     53     54     66     65
     54     55     67     66
     55     56     68     67
     56     57     69     68
     57     58     70     69
     58     59     71     70
     59     60     72     71
     73     74     86     85
     74     75     87     86
     75     76     88     87
     76     77     89     88
     77     78     90     89
     78     79     91     90
     79     80     92     91
     80     81     93     92
     81     82     94     93
     82     83     95     94
     83     84     96     95
     85     86     98     97
     86     87     99     98
     87     88    100     99
     88     89    101    100
     89     90    102    101
     90     91    103    102
     91     92    104    103
     92     93    105    104
     93     94    106    105
     94     95    107    106
     95     96    108    107
    109    110    122    121
    110    111    123    122
    111    112    124    123
    112    113    125    124
    113    114    126    125
    114    115    127    126
    115    116    128    127
    116    117    129    128
    117    118    130    129
    118    119    131    130
    119    120    132    131
    121    122    134    133
    122    123    135    134
    123    124    136    135
    124    125    137    136
    125    126    138    137
    126    127    139    138
    127    128    140    139
    128    129    141    140
    129    130    142    141
    130    131    143    142
    131    132    144    143
    145    146    158    157
    146    147    159    158
    147    148    160    159
    148    149    161    160
    149    150    162    161
    150    151    163    162
    151    152    164    163
    152    153    165    164
    153    154    166    165
    154    155    167    166
    155    156    168    167
    157    158    170    169
    158    159    171    170
    159    160    172    171
    160    161    173    172
    161    162    174    173
    162    163    175    174
    163    164    176    175
    164    165    177    176
    165    166    178    177
    166    167    179    178
    167    168    180    179
    181    182    194    193
    182    183    195    194
    183    184    196    195
    184    185    197    196
    185    186    198    197
    186    187    199    198
    187    188    200    199
    188    189    201    200
    189    190    202    201
    190    191    203    202
    191    192    204    203
    193    194    206    205
    194    195    207    206
    195    196    208    207
    196    197    209    208
    197    198    210    209
    198    199    211    210
    199    200    212    211
    200    201    213    212
    201    202    214    213
    202    203    215    214
    203    204    216    215
    217    218    230    229
    218    219    231    230
    219    220    232    231
    220    221    233    232
    221    222    234    233
    222    223    235    234
    223    224    236    235
    224    225    237    236
    225    226    238    237
    226    227    239    238
    227    228    240    239
    229    230    242    241
    230    231    243    242
    231    232    244    243
    232    233    245    244
    233    234    246    245
    234    235    247    246
    235    236    248    247
    236    237    249    248
    237    238    250    249
    238    239    251    250
    239    240    252    251
    253    254    266    265
    254    255    267    266
    255    256    268    267
    256    257    269    268
    257    258    270    269
    258    259    271    270
    259    260    272    271
    260    261    273    272
    261    262    274    273
    262    263    275    274
    263    264    276    275
    265    266    278    277
    266    267    279    278
    267    268    280    279
    268    269    281    280
    269    270    282    281
    270    271    283    282
    271    272    284    283
    272    273    285    284
    273    274    286    285
    274    275    287    286
    275    276    288    287
    289    290    302    301
    290    291    303    302
    291    292    304    303
    292    293    305    304
    293    294    306    305
    294    295    307    306
    295    296    308    307
    296    297    309    308
    297    298    310    309
    298    299    311    310
    299    300    312    311
    301    302    314    313
    302    303    315    314
    303    304    316    315
    304    305    317    316
    305    306    318    317
    306    307    319    318
    307    308    320    319
    308    309    321    320
    309    310    322    321
    310    311    323    322
    311    312    324    323
    325    326    338    337
    326    327    339    338
    327    328    340    339
    328    329    341    340
    329    330    342    341
    330    331    343    342
    331    332    344    343
    332    333    345    344
    333    334    346    345
    334    335    347    346
    335    336    348    347
    337    338    350    349
    338    339    351    350
    339    340    352    351
    340    341    353    352
    341    342    354    353
    342    343    355    354
    343    344    356    355
    344    345    357    356
    345    346    358    357
    346    347    359    358
    347    348    360    359
    361    362    364    363
    363    364    366    365
    365    366    368    367
    367    368    370    369
    369    370    372    371
    371    372    374    373
    375    376    378    377
    377    378    380    379
    379    380    382    381
    381    382    384    383
    383    384    386    385
    385    386    388    387
    389    390    392    391
    391    392    394    393
    393    394    396    395
    395    396    398    397
    397    398    400    399
    399    400    402    401
    403    404    406    405
    405    406    408    407
    407    408    410    409
    409    410    412    411
    411    412    414    413
    413    414    416    415
    417    418    420    419
    419    420    422    421
    421    422    424    423
    423    424    426    425
    425    426    428    427
    427    428    430    429
    431    432    434    433
    433    434    436    435
    435    436    438    437
    437    438    440    439
    439    440    442    441
    441    442    444    443
    445    446    448    447
    447    448    450    449
    449    450    452    451
    451    452    454    453
    453    454    456    455
    455    456    458    457
    459    460    462    461
    461    462    464    463
    463    464    466    465
    465    466    468    467
    467    468    470    469
    469    470    472    471
    473    474    476    475
    475    476    478    477
    477    478    480    479
    479    480    482    481
    481    482    484    483
    483    484    486    485
    487    488    490    489
    489    490    492    491
    491    492    494    493
    493    494    496    495
    495    496    498    497
    497    498    500    499
    501    502    510    509
    502    503    511    510
    503    504    512    511
    504    505    513    512
    505    506    514    513
    506    507    515    514
    507    508    516    515
    509    510    518    517
    510    511    519    518
    511    512    520    519
    512    513    521    520
    513    514    522    521
    514    515    523    522
    515    516    524    523
    517    518    526    525
    518    519    527    526
    519    520    528    527
    520    521    529    528
    521    522    530    529
    522    523    531    530
    523    524    532    531
    525    526    534    533
    526    527    535    534
    527    528    536    535
    528    529    537    536
    529    530    538    537
    530    531    539    538
    531    532    540    539
    533    534    542    541
    534    535    543    542
    535    536    544    543
    536    537    545    544
    537    538    546    545
    538    539    547    546
    539    540    548    547
    541    542    550    549
    542    543    551    550
    543    544    552    551
    544    545    553    552
    545    546    554    553
    546    547    555    554
    547    548    556    555
    549    550    558    557
    550    551    559    558
    551    552    560    559
    552    553    561    560
    553    554    562    561
    554    555    563    562
    555    556    564    563
    565    566    574    573
    566    567    575    574
    567    568    576    575
    568    569    577    576
    569    570    578    577
    570    571    579    578
    571    572    580    579
    573    574    582    581
    574    575    583    582
    575    576    584    583
    576    577    585    584
    577    578    586    585
    578    579    587    586
    579    580    588    587
    581    582    590    589
    582    583    591    590
    583    584    592    591
    584    585    593    592
    585    586    594    593
    586    587    595    594
    587    588    596    595
    589    590    598    597
    590    591    599    598
    591    592    600    599
    592    593    601    600
    593    594    602    601
    594    595    603    602
    595    596    604    603
    597    598    606    605
    598    599    607    606
    599    600    608    607
    600    601    609    608
    601    602    610    609
    602    603    611    610
    603    604    612    611
    605    606    614    613
    606    607    615    614
    607    608    616    615
    608    609    617    616
    609    610    618    617
    610    611    619    618
    611    612    620    619
    613    614    622    621
    614    615    623    622
    615    616    624    623
    616    617    625    624
    617    618    626    625
    618    619    627    626
    619    620    628    627
    629    630    638    637
    630    631    639    638
    631    632    640    639
    632    633    641    640
    633    634    642    641
    634    635    643    642
    635    636    644    643
    637    638    646    645
    638    639    647    646
    639    640    648    647
    640    641    649    648
    641    642    650    649
    642    643    651    650
    643    644    652    651
    645    646    654    653
    646    647    655    654
    647    648    656    655
    648    649    657    656
    649    650    658    657
    650    651    659    658
    651    652    660    659
    653    654    662    661
    654    655    663    662
    655    656    664    663
    656    657    665    664
    657    658    666    665
    658    659    667    666
    659    660    668    667
    661    662    670    669
    662    663    671    670
    663    664    672    671
    664    665    673    672
    665    666    674    673
    666    667    675    674
    667    668    676    675
    669    670    678    677
    670    671    679    678
    671    672    680    679
    672    673    681    680
    673    674    682    681
    674    675    683    682
    675    676    684    683
    677    678    686    685
    678    679    687    686
    679    680    688    687
    680    681    689    688
    681    682    690    689
    682    683    691    690
    683    684    692    691
    693    694    702    701
    694    695    703    702
    695    696    704    703
    696    697    705    704
    697    698    706    705
    698    699    707    706
    699    700    708    707
    701    702    710    709
    702    703    711    710
    703    704    712    711
    704    705    713    712
    705    706    714    713
    706    707    715    714
    707    708    716    715
    709    710    718    717
    710    711    719    718
    711    712    720    719
    712    713    721    720
    713    714    722    721
    714    715    723    722
    715    716    724    723
    717    718    726    725
    718    719    727    726
    719    720    728    727
    720    721    729    728
    721    722    730    729
    722    723    731    730
    723    724    732    731
    725    726    734    733
    726    727    735    734
    727    728    736    735
    728    729    737    736
    729    730    738    737
    730    731    739    738
    731    732    740    739
    733    734    742    741
    734    735    743    742
    735    736    744    743
    736    737    745    744
    737    738    746    745
    738    739    747    746
    739    740    748    747
    741    742    750    749
    742    743    751    750
    743    744    752    751
    744    745    753    752
    745    746    754    753
    746    747    755    754
    747    748    756    755
    757    758    766    765
    758    759    767    766
    759    760    768    767
    760    761    769    768
    761    762    770    769
    762    763    771    770
    763    764    772    771
    765    766    774    773
    766    767    775    774
    767    768    776    775
    768    769    777    776
    769    770    778    777
    770    771    779    778
    771    772    780    779
    773    774    782    781
    774    775    783    782
    775    776    784    783
    776    777    785    784
    777    778    786    785
    778    779    787    786
    779    780    788    787
    781    782    790    789
    782    783    791    790
    783    784    792    791
    784    785    793    792
    785    786    794    793
    786    787    795    794
    787    788    796    795
    789    790    798    797
    790    791    799    798
    791    792    800    799
    792    793    801    800
    793    794    802    801
    794    795    803    802
    795    796    804    803
    797    798    806    805
    798    799    807    806
    799    800    808    807
    800    801    809    808
    801    802    810    809
    802    803    811    810
    803    804    812    811
    805    806    814    813
    806    807    815    814
    807    808    816    815
    808    809    817    816
    809    810    818    817
    810    811    819    818
    811    812    820    819
    821    822    830    829
    822    823    831    830
    823    824    832    831
    824    825    833    832
    825    826    834    833
    826    827    835    834
    827    828    836    835
    829    830    838    837
    830    831    839    838
    831    832    840    839
    832    833    841    840
    833    834    842    841
    834    835    843    842
    835    836    844    843
    837    838    846    845
    838    839    847    846
    839    840    848    847
    840    841    849    848
    841    842    850    849
    842    843    851    850
    843    844    852    851
    845    846    854    853
    846    847    855    854
    847    848    856    855
    848    849    857    856
    849    850    858    857
    850    851    859    858
    851    852    860    859
    853    854    862    861
    854    855    863    862
    855    856    864    863
    856    857    865    864
    857    858    866    865
    858    859    867    866
    859    860    868    867
    861    862    870    869
    862    863    871    870
    863    864    872    871
    864    865    873    872
    865    866    874    873
    866    867    875    874
    867    868    876    875
    869    870    878    877
    870    871    879    878
    871    872    880    879
    872    873    881    880
    873    874    882    881
    874    875    883    882
    875    876    884    883
      0      0      0      0
