         181
  -3.141593    
  -3.106686    
  -3.071780    
  -3.036873    
  -3.001966    
  -2.967060    
  -2.932153    
  -2.897247    
  -2.862340    
  -2.827433    
  -2.792527    
  -2.757620    
  -2.722714    
  -2.687807    
  -2.652900    
  -2.617994    
  -2.583087    
  -2.548181    
  -2.513274    
  -2.478368    
  -2.443461    
  -2.408554    
  -2.373648    
  -2.338741    
  -2.303835    
  -2.268928    
  -2.234021    
  -2.199115    
  -2.164208    
  -2.129302    
  -2.094395    
  -2.059489    
  -2.024582    
  -1.989675    
  -1.954769    
  -1.919862    
  -1.884956    
  -1.850049    
  -1.815143    
  -1.780236    
  -1.745329    
  -1.710423    
  -1.675516    
  -1.640610    
  -1.605703    
  -1.570796    
  -1.535890    
  -1.500983    
  -1.466077    
  -1.431170    
  -1.396263    
  -1.361357    
  -1.326450    
  -1.291544    
  -1.256637    
  -1.221731    
  -1.186824    
  -1.151917    
  -1.117011    
  -1.082104    
  -1.047198    
  -1.012291    
 -0.9773844    
 -0.9424778    
 -0.9075713    
 -0.8726646    
 -0.8377581    
 -0.8028514    
 -0.7679449    
 -0.7330383    
 -0.6981317    
 -0.6632251    
 -0.6283185    
 -0.5934120    
 -0.5585054    
 -0.5235988    
 -0.4886922    
 -0.4537856    
 -0.4188790    
 -0.3839725    
 -0.3490659    
 -0.3141593    
 -0.2792527    
 -0.2443461    
 -0.2094395    
 -0.1745329    
 -0.1396263    
 -0.1047198    
 -6.9813170E-02
 -3.4906585E-02
  0.0000000E+00
  3.4906585E-02
  6.9813170E-02
  0.1047198    
  0.1396263    
  0.1745329    
  0.2094395    
  0.2443461    
  0.2792527    
  0.3141593    
  0.3490659    
  0.3839725    
  0.4188790    
  0.4537856    
  0.4886922    
  0.5235988    
  0.5585054    
  0.5934120    
  0.6283185    
  0.6632251    
  0.6981317    
  0.7330383    
  0.7679449    
  0.8028514    
  0.8377581    
  0.8726646    
  0.9075713    
  0.9424778    
  0.9773844    
   1.012291    
   1.047198    
   1.082104    
   1.117011    
   1.151917    
   1.186824    
   1.221731    
   1.256637    
   1.291544    
   1.326450    
   1.361357    
   1.396263    
   1.431170    
   1.466077    
   1.500983    
   1.535890    
   1.570796    
   1.605703    
   1.640610    
   1.675516    
   1.710423    
   1.745329    
   1.780236    
   1.815143    
   1.850049    
   1.884956    
   1.919862    
   1.954769    
   1.989675    
   2.024582    
   2.059489    
   2.094395    
   2.129302    
   2.164208    
   2.199115    
   2.234021    
   2.268928    
   2.303835    
   2.338741    
   2.373648    
   2.408554    
   2.443461    
   2.478368    
   2.513274    
   2.548181    
   2.583087    
   2.617994    
   2.652900    
   2.687807    
   2.722714    
   2.757620    
   2.792527    
   2.827433    
   2.862340    
   2.897247    
   2.932153    
   2.967060    
   3.001966    
   3.036873    
   3.071780    
   3.106686    
   3.141593    
