120 
87 
0.000000E+00 0.000000E+00 5.000000E+00 
5.000000E+00 0.000000E+00 5.000000E+00 
5.000000E+00 0.000000E+00 -5.000000E+00 
0.000000E+00 0.000000E+00 -5.000000E+00 
0.000000E+00 0.000000E+00 5.000000E+00 
4.970690E+00 5.405951E-01 5.000000E+00 
4.970690E+00 5.405951E-01 -5.000000E+00 
0.000000E+00 0.000000E+00 -5.000000E+00 
0.000000E+00 0.000000E+00 5.000000E+00 
4.883103E+00 1.074852E+00 5.000000E+00 
4.883103E+00 1.074852E+00 -5.000000E+00 
0.000000E+00 0.000000E+00 -5.000000E+00 
0.000000E+00 0.000000E+00 5.000000E+00 
4.738266E+00 1.596508E+00 5.000000E+00 
4.738266E+00 1.596508E+00 -5.000000E+00 
0.000000E+00 0.000000E+00 -5.000000E+00 
0.000000E+00 0.000000E+00 5.000000E+00 
4.537877E+00 2.099446E+00 5.000000E+00 
4.537877E+00 2.099446E+00 -5.000000E+00 
0.000000E+00 0.000000E+00 -5.000000E+00 
0.000000E+00 0.000000E+00 5.000000E+00 
4.284286E+00 2.577769E+00 5.000000E+00 
4.284286E+00 2.577769E+00 -5.000000E+00 
0.000000E+00 0.000000E+00 -5.000000E+00 
0.000000E+00 0.000000E+00 5.000000E+00 
3.980465E+00 3.025871E+00 5.000000E+00 
3.980465E+00 3.025871E+00 -5.000000E+00 
0.000000E+00 0.000000E+00 -5.000000E+00 
0.000000E+00 0.000000E+00 5.000000E+00 
3.629977E+00 3.438497E+00 5.000000E+00 
3.629977E+00 3.438497E+00 -5.000000E+00 
0.000000E+00 0.000000E+00 -5.000000E+00 
0.000000E+00 0.000000E+00 5.000000E+00 
3.236931E+00 3.810810E+00 5.000000E+00 
3.236931E+00 3.810810E+00 -5.000000E+00 
0.000000E+00 0.000000E+00 -5.000000E+00 
0.000000E+00 0.000000E+00 5.000000E+00 
2.805935E+00 4.138445E+00 5.000000E+00 
2.805935E+00 4.138445E+00 -5.000000E+00 
0.000000E+00 0.000000E+00 -5.000000E+00 
0.000000E+00 0.000000E+00 5.000000E+00 
2.342042E+00 4.417560E+00 5.000000E+00 
2.342042E+00 4.417560E+00 -5.000000E+00 
0.000000E+00 0.000000E+00 -5.000000E+00 
0.000000E+00 0.000000E+00 5.000000E+00 
1.850691E+00 4.644884E+00 5.000000E+00 
1.850691E+00 4.644884E+00 -5.000000E+00 
0.000000E+00 0.000000E+00 -5.000000E+00 
0.000000E+00 0.000000E+00 5.000000E+00 
1.337642E+00 4.817750E+00 5.000000E+00 
1.337642E+00 4.817750E+00 -5.000000E+00 
0.000000E+00 0.000000E+00 -5.000000E+00 
0.000000E+00 0.000000E+00 5.000000E+00 
8.089100E-01 4.934133E+00 5.000000E+00 
8.089100E-01 4.934133E+00 -5.000000E+00 
0.000000E+00 0.000000E+00 -5.000000E+00 
0.000000E+00 0.000000E+00 5.000000E+00 
2.706945E-01 4.992667E+00 5.000000E+00 
2.706945E-01 4.992667E+00 -5.000000E+00 
0.000000E+00 0.000000E+00 -5.000000E+00 
-0.000000E+00 0.000000E+00 5.000000E+00 
-2.706945E-01 4.992667E+00 5.000000E+00 
-2.706945E-01 4.992667E+00 -5.000000E+00 
-0.000000E+00 0.000000E+00 -5.000000E+00 
-0.000000E+00 0.000000E+00 5.000000E+00 
-8.089100E-01 4.934133E+00 5.000000E+00 
-8.089100E-01 4.934133E+00 -5.000000E+00 
-0.000000E+00 0.000000E+00 -5.000000E+00 
-0.000000E+00 0.000000E+00 5.000000E+00 
-1.337642E+00 4.817750E+00 5.000000E+00 
-1.337642E+00 4.817750E+00 -5.000000E+00 
-0.000000E+00 0.000000E+00 -5.000000E+00 
-0.000000E+00 0.000000E+00 5.000000E+00 
-1.850691E+00 4.644884E+00 5.000000E+00 
-1.850691E+00 4.644884E+00 -5.000000E+00 
-0.000000E+00 0.000000E+00 -5.000000E+00 
-0.000000E+00 0.000000E+00 5.000000E+00 
-2.342042E+00 4.417560E+00 5.000000E+00 
-2.342042E+00 4.417560E+00 -5.000000E+00 
-0.000000E+00 0.000000E+00 -5.000000E+00 
-0.000000E+00 0.000000E+00 5.000000E+00 
-2.805935E+00 4.138445E+00 5.000000E+00 
-2.805935E+00 4.138445E+00 -5.000000E+00 
-0.000000E+00 0.000000E+00 -5.000000E+00 
-0.000000E+00 0.000000E+00 5.000000E+00 
-3.236931E+00 3.810810E+00 5.000000E+00 
-3.236931E+00 3.810810E+00 -5.000000E+00 
-0.000000E+00 0.000000E+00 -5.000000E+00 
-0.000000E+00 0.000000E+00 5.000000E+00 
-3.629977E+00 3.438497E+00 5.000000E+00 
-3.629977E+00 3.438497E+00 -5.000000E+00 
-0.000000E+00 0.000000E+00 -5.000000E+00 
-0.000000E+00 0.000000E+00 5.000000E+00 
-3.980465E+00 3.025871E+00 5.000000E+00 
-3.980465E+00 3.025871E+00 -5.000000E+00 
-0.000000E+00 0.000000E+00 -5.000000E+00 
-0.000000E+00 0.000000E+00 5.000000E+00 
-4.284286E+00 2.577769E+00 5.000000E+00 
-4.284286E+00 2.577769E+00 -5.000000E+00 
-0.000000E+00 0.000000E+00 -5.000000E+00 
-0.000000E+00 0.000000E+00 5.000000E+00 
-4.537877E+00 2.099446E+00 5.000000E+00 
-4.537877E+00 2.099446E+00 -5.000000E+00 
-0.000000E+00 0.000000E+00 -5.000000E+00 
-0.000000E+00 0.000000E+00 5.000000E+00 
-4.738266E+00 1.596508E+00 5.000000E+00 
-4.738266E+00 1.596508E+00 -5.000000E+00 
-0.000000E+00 0.000000E+00 -5.000000E+00 
-0.000000E+00 0.000000E+00 5.000000E+00 
-4.883103E+00 1.074852E+00 5.000000E+00 
-4.883103E+00 1.074852E+00 -5.000000E+00 
-0.000000E+00 0.000000E+00 -5.000000E+00 
-0.000000E+00 0.000000E+00 5.000000E+00 
-4.970690E+00 5.405951E-01 5.000000E+00 
-4.970690E+00 5.405951E-01 -5.000000E+00 
-0.000000E+00 0.000000E+00 -5.000000E+00 
-0.000000E+00 0.000000E+00 5.000000E+00 
-5.000000E+00 6.123234E-16 5.000000E+00 
-5.000000E+00 6.123234E-16 -5.000000E+00 
-0.000000E+00 0.000000E+00 -5.000000E+00 
1 2 6 5 
5 6 10 9 
9 10 14 13 
13 14 18 17 
17 18 22 21 
21 22 26 25 
25 26 30 29 
29 30 34 33 
33 34 38 37 
37 38 42 41 
41 42 46 45 
45 46 50 49 
49 50 54 53 
53 54 58 57 
57 58 62 61 
61 62 66 65 
65 66 70 69 
69 70 74 73 
73 74 78 77 
77 78 82 81 
81 82 86 85 
85 86 90 89 
89 90 94 93 
93 94 98 97 
97 98 102 101 
101 102 106 105 
105 106 110 109 
109 110 114 113 
113 114 118 117 
2 3 7 6 
6 7 11 10 
10 11 15 14 
14 15 19 18 
18 19 23 22 
22 23 27 26 
26 27 31 30 
30 31 35 34 
34 35 39 38 
38 39 43 42 
42 43 47 46 
46 47 51 50 
50 51 55 54 
54 55 59 58 
58 59 63 62 
62 63 67 66 
66 67 71 70 
70 71 75 74 
74 75 79 78 
78 79 83 82 
82 83 87 86 
86 87 91 90 
90 91 95 94 
94 95 99 98 
98 99 103 102 
102 103 107 106 
106 107 111 110 
110 111 115 114 
114 115 119 118 
3 4 8 7 
7 8 12 11 
11 12 16 15 
15 16 20 19 
19 20 24 23 
23 24 28 27 
27 28 32 31 
31 32 36 35 
35 36 40 39 
39 40 44 43 
43 44 48 47 
47 48 52 51 
51 52 56 55 
55 56 60 59 
59 60 64 63 
63 64 68 67 
67 68 72 71 
71 72 76 75 
75 76 80 79 
79 80 84 83 
83 84 88 87 
87 88 92 91 
91 92 96 95 
95 96 100 99 
99 100 104 103 
103 104 108 107 
107 108 112 111 
111 112 116 115 
115 116 120 119 
