         181
  0.0000000E+00
  1.7453292E-02
  3.4906585E-02
  5.2359879E-02
  6.9813170E-02
  8.7266468E-02
  0.1047198    
  0.1221731    
  0.1396263    
  0.1570796    
  0.1745329    
  0.1919862    
  0.2094395    
  0.2268928    
  0.2443461    
  0.2617994    
  0.2792527    
  0.2967060    
  0.3141593    
  0.3316126    
  0.3490659    
  0.3665192    
  0.3839725    
  0.4014257    
  0.4188790    
  0.4363323    
  0.4537856    
  0.4712389    
  0.4886922    
  0.5061455    
  0.5235988    
  0.5410521    
  0.5585054    
  0.5759587    
  0.5934120    
  0.6108653    
  0.6283185    
  0.6457719    
  0.6632251    
  0.6806784    
  0.6981317    
  0.7155850    
  0.7330383    
  0.7504916    
  0.7679449    
  0.7853982    
  0.8028514    
  0.8203048    
  0.8377581    
  0.8552114    
  0.8726646    
  0.8901180    
  0.9075713    
  0.9250245    
  0.9424778    
  0.9599311    
  0.9773844    
  0.9948377    
   1.012291    
   1.029744    
   1.047198    
   1.064651    
   1.082104    
   1.099558    
   1.117011    
   1.134464    
   1.151917    
   1.169371    
   1.186824    
   1.204277    
   1.221731    
   1.239184    
   1.256637    
   1.274090    
   1.291544    
   1.308997    
   1.326450    
   1.343904    
   1.361357    
   1.378810    
   1.396263    
   1.413717    
   1.431170    
   1.448623    
   1.466077    
   1.483530    
   1.500983    
   1.518437    
   1.535890    
   1.553343    
   1.570796    
   1.588250    
   1.605703    
   1.623156    
   1.640610    
   1.658063    
   1.675516    
   1.692969    
   1.710423    
   1.727876    
   1.745329    
   1.762783    
   1.780236    
   1.797689    
   1.815143    
   1.832596    
   1.850049    
   1.867502    
   1.884956    
   1.902409    
   1.919862    
   1.937316    
   1.954769    
   1.972222    
   1.989675    
   2.007129    
   2.024582    
   2.042035    
   2.059489    
   2.076942    
   2.094395    
   2.111848    
   2.129302    
   2.146755    
   2.164208    
   2.181662    
   2.199115    
   2.216568    
   2.234021    
   2.251475    
   2.268928    
   2.286381    
   2.303835    
   2.321288    
   2.338741    
   2.356194    
   2.373648    
   2.391101    
   2.408554    
   2.426008    
   2.443461    
   2.460914    
   2.478368    
   2.495821    
   2.513274    
   2.530727    
   2.548181    
   2.565634    
   2.583087    
   2.600541    
   2.617994    
   2.635447    
   2.652900    
   2.670354    
   2.687807    
   2.705260    
   2.722714    
   2.740167    
   2.757620    
   2.775074    
   2.792527    
   2.809980    
   2.827433    
   2.844887    
   2.862340    
   2.879793    
   2.897247    
   2.914700    
   2.932153    
   2.949607    
   2.967060    
   2.984513    
   3.001966    
   3.019420    
   3.036873    
   3.054326    
   3.071780    
   3.089233    
   3.106686    
   3.124139    
   3.141593    
