  2   1
     1  0.4755283E+01  0.1545085E+01 -0.1000000E+02
     2  0.4755283E+01  0.1545085E+01 -0.9090909E+01
     3  0.4755283E+01  0.1545085E+01 -0.8181818E+01
     4  0.4755283E+01  0.1545085E+01 -0.7272727E+01
     5  0.4755283E+01  0.1545085E+01 -0.6363636E+01
     6  0.4755283E+01  0.1545085E+01 -0.5454545E+01
     7  0.4755283E+01  0.1545085E+01 -0.4545455E+01
     8  0.4755283E+01  0.1545085E+01 -0.3636364E+01
     9  0.4755283E+01  0.1545085E+01 -0.2727273E+01
    10  0.4755283E+01  0.1545085E+01 -0.1818182E+01
    11  0.4755283E+01  0.1545085E+01 -0.9090910E+00
    12  0.4755283E+01  0.1545085E+01  0.0000000E+00
    13  0.4877642E+01  0.7725425E+00 -0.1000000E+02
    14  0.4877642E+01  0.7725425E+00 -0.9090909E+01
    15  0.4877642E+01  0.7725425E+00 -0.8181818E+01
    16  0.4877642E+01  0.7725425E+00 -0.7272727E+01
    17  0.4877642E+01  0.7725425E+00 -0.6363636E+01
    18  0.4877642E+01  0.7725425E+00 -0.5454545E+01
    19  0.4877642E+01  0.7725425E+00 -0.4545455E+01
    20  0.4877642E+01  0.7725425E+00 -0.3636364E+01
    21  0.4877642E+01  0.7725425E+00 -0.2727273E+01
    22  0.4877642E+01  0.7725425E+00 -0.1818182E+01
    23  0.4877642E+01  0.7725425E+00 -0.9090910E+00
    24  0.4877642E+01  0.7725425E+00  0.0000000E+00
    25  0.5000000E+01  0.0000000E+00 -0.1000000E+02
    26  0.5000000E+01  0.0000000E+00 -0.9090909E+01
    27  0.5000000E+01  0.0000000E+00 -0.8181818E+01
    28  0.5000000E+01  0.0000000E+00 -0.7272727E+01
    29  0.5000000E+01  0.0000000E+00 -0.6363636E+01
    30  0.5000000E+01  0.0000000E+00 -0.5454545E+01
    31  0.5000000E+01  0.0000000E+00 -0.4545455E+01
    32  0.5000000E+01  0.0000000E+00 -0.3636364E+01
    33  0.5000000E+01  0.0000000E+00 -0.2727273E+01
    34  0.5000000E+01  0.0000000E+00 -0.1818182E+01
    35  0.5000000E+01  0.0000000E+00 -0.9090910E+00
    36  0.5000000E+01  0.0000000E+00  0.0000000E+00
    37  0.4045085E+01  0.2938926E+01 -0.1000000E+02
    38  0.4045085E+01  0.2938926E+01 -0.9090909E+01
    39  0.4045085E+01  0.2938926E+01 -0.8181818E+01
    40  0.4045085E+01  0.2938926E+01 -0.7272727E+01
    41  0.4045085E+01  0.2938926E+01 -0.6363636E+01
    42  0.4045085E+01  0.2938926E+01 -0.5454545E+01
    43  0.4045085E+01  0.2938926E+01 -0.4545455E+01
    44  0.4045085E+01  0.2938926E+01 -0.3636364E+01
    45  0.4045085E+01  0.2938926E+01 -0.2727273E+01
    46  0.4045085E+01  0.2938926E+01 -0.1818182E+01
    47  0.4045085E+01  0.2938926E+01 -0.9090910E+00
    48  0.4045085E+01  0.2938926E+01  0.0000000E+00
    49  0.4400184E+01  0.2242005E+01 -0.1000000E+02
    50  0.4400184E+01  0.2242005E+01 -0.9090909E+01
    51  0.4400184E+01  0.2242005E+01 -0.8181818E+01
    52  0.4400184E+01  0.2242005E+01 -0.7272727E+01
    53  0.4400184E+01  0.2242005E+01 -0.6363636E+01
    54  0.4400184E+01  0.2242005E+01 -0.5454545E+01
    55  0.4400184E+01  0.2242005E+01 -0.4545455E+01
    56  0.4400184E+01  0.2242005E+01 -0.3636364E+01
    57  0.4400184E+01  0.2242005E+01 -0.2727273E+01
    58  0.4400184E+01  0.2242005E+01 -0.1818182E+01
    59  0.4400184E+01  0.2242005E+01 -0.9090910E+00
    60  0.4400184E+01  0.2242005E+01  0.0000000E+00
    61  0.4755283E+01  0.1545085E+01 -0.1000000E+02
    62  0.4755283E+01  0.1545085E+01 -0.9090909E+01
    63  0.4755283E+01  0.1545085E+01 -0.8181818E+01
    64  0.4755283E+01  0.1545085E+01 -0.7272727E+01
    65  0.4755283E+01  0.1545085E+01 -0.6363636E+01
    66  0.4755283E+01  0.1545085E+01 -0.5454545E+01
    67  0.4755283E+01  0.1545085E+01 -0.4545455E+01
    68  0.4755283E+01  0.1545085E+01 -0.3636364E+01
    69  0.4755283E+01  0.1545085E+01 -0.2727273E+01
    70  0.4755283E+01  0.1545085E+01 -0.1818182E+01
    71  0.4755283E+01  0.1545085E+01 -0.9090910E+00
    72  0.4755283E+01  0.1545085E+01  0.0000000E+00
    73  0.2938926E+01  0.4045085E+01 -0.1000000E+02
    74  0.2938926E+01  0.4045085E+01 -0.9090909E+01
    75  0.2938926E+01  0.4045085E+01 -0.8181818E+01
    76  0.2938926E+01  0.4045085E+01 -0.7272727E+01
    77  0.2938926E+01  0.4045085E+01 -0.6363636E+01
    78  0.2938926E+01  0.4045085E+01 -0.5454545E+01
    79  0.2938926E+01  0.4045085E+01 -0.4545455E+01
    80  0.2938926E+01  0.4045085E+01 -0.3636364E+01
    81  0.2938926E+01  0.4045085E+01 -0.2727273E+01
    82  0.2938926E+01  0.4045085E+01 -0.1818182E+01
    83  0.2938926E+01  0.4045085E+01 -0.9090910E+00
    84  0.2938926E+01  0.4045085E+01  0.0000000E+00
    85  0.3492005E+01  0.3492005E+01 -0.1000000E+02
    86  0.3492005E+01  0.3492005E+01 -0.9090909E+01
    87  0.3492005E+01  0.3492005E+01 -0.8181818E+01
    88  0.3492005E+01  0.3492005E+01 -0.7272727E+01
    89  0.3492005E+01  0.3492005E+01 -0.6363636E+01
    90  0.3492005E+01  0.3492005E+01 -0.5454545E+01
    91  0.3492005E+01  0.3492005E+01 -0.4545455E+01
    92  0.3492005E+01  0.3492005E+01 -0.3636364E+01
    93  0.3492005E+01  0.3492005E+01 -0.2727273E+01
    94  0.3492005E+01  0.3492005E+01 -0.1818182E+01
    95  0.3492005E+01  0.3492005E+01 -0.9090910E+00
    96  0.3492005E+01  0.3492005E+01  0.0000000E+00
    97  0.4045085E+01  0.2938926E+01 -0.1000000E+02
    98  0.4045085E+01  0.2938926E+01 -0.9090909E+01
    99  0.4045085E+01  0.2938926E+01 -0.8181818E+01
   100  0.4045085E+01  0.2938926E+01 -0.7272727E+01
   101  0.4045085E+01  0.2938926E+01 -0.6363636E+01
   102  0.4045085E+01  0.2938926E+01 -0.5454545E+01
   103  0.4045085E+01  0.2938926E+01 -0.4545455E+01
   104  0.4045085E+01  0.2938926E+01 -0.3636364E+01
   105  0.4045085E+01  0.2938926E+01 -0.2727273E+01
   106  0.4045085E+01  0.2938926E+01 -0.1818182E+01
   107  0.4045085E+01  0.2938926E+01 -0.9090910E+00
   108  0.4045085E+01  0.2938926E+01  0.0000000E+00
   109  0.1545085E+01  0.4755283E+01 -0.1000000E+02
   110  0.1545085E+01  0.4755283E+01 -0.9090909E+01
   111  0.1545085E+01  0.4755283E+01 -0.8181818E+01
   112  0.1545085E+01  0.4755283E+01 -0.7272727E+01
   113  0.1545085E+01  0.4755283E+01 -0.6363636E+01
   114  0.1545085E+01  0.4755283E+01 -0.5454545E+01
   115  0.1545085E+01  0.4755283E+01 -0.4545455E+01
   116  0.1545085E+01  0.4755283E+01 -0.3636364E+01
   117  0.1545085E+01  0.4755283E+01 -0.2727273E+01
   118  0.1545085E+01  0.4755283E+01 -0.1818182E+01
   119  0.1545085E+01  0.4755283E+01 -0.9090910E+00
   120  0.1545085E+01  0.4755283E+01  0.0000000E+00
   121  0.2242005E+01  0.4400184E+01 -0.1000000E+02
   122  0.2242005E+01  0.4400184E+01 -0.9090909E+01
   123  0.2242005E+01  0.4400184E+01 -0.8181818E+01
   124  0.2242005E+01  0.4400184E+01 -0.7272727E+01
   125  0.2242005E+01  0.4400184E+01 -0.6363636E+01
   126  0.2242005E+01  0.4400184E+01 -0.5454545E+01
   127  0.2242005E+01  0.4400184E+01 -0.4545455E+01
   128  0.2242005E+01  0.4400184E+01 -0.3636364E+01
   129  0.2242005E+01  0.4400184E+01 -0.2727273E+01
   130  0.2242005E+01  0.4400184E+01 -0.1818182E+01
   131  0.2242005E+01  0.4400184E+01 -0.9090910E+00
   132  0.2242005E+01  0.4400184E+01  0.0000000E+00
   133  0.2938926E+01  0.4045085E+01 -0.1000000E+02
   134  0.2938926E+01  0.4045085E+01 -0.9090909E+01
   135  0.2938926E+01  0.4045085E+01 -0.8181818E+01
   136  0.2938926E+01  0.4045085E+01 -0.7272727E+01
   137  0.2938926E+01  0.4045085E+01 -0.6363636E+01
   138  0.2938926E+01  0.4045085E+01 -0.5454545E+01
   139  0.2938926E+01  0.4045085E+01 -0.4545455E+01
   140  0.2938926E+01  0.4045085E+01 -0.3636364E+01
   141  0.2938926E+01  0.4045085E+01 -0.2727273E+01
   142  0.2938926E+01  0.4045085E+01 -0.1818182E+01
   143  0.2938926E+01  0.4045085E+01 -0.9090910E+00
   144  0.2938926E+01  0.4045085E+01  0.0000000E+00
   145  0.0000000E+00  0.5000000E+01 -0.1000000E+02
   146  0.0000000E+00  0.5000000E+01 -0.9090909E+01
   147  0.0000000E+00  0.5000000E+01 -0.8181818E+01
   148  0.0000000E+00  0.5000000E+01 -0.7272727E+01
   149  0.0000000E+00  0.5000000E+01 -0.6363636E+01
   150  0.0000000E+00  0.5000000E+01 -0.5454545E+01
   151  0.0000000E+00  0.5000000E+01 -0.4545455E+01
   152  0.0000000E+00  0.5000000E+01 -0.3636364E+01
   153  0.0000000E+00  0.5000000E+01 -0.2727273E+01
   154  0.0000000E+00  0.5000000E+01 -0.1818182E+01
   155  0.0000000E+00  0.5000000E+01 -0.9090910E+00
   156  0.0000000E+00  0.5000000E+01  0.0000000E+00
   157  0.7725425E+00  0.4877642E+01 -0.1000000E+02
   158  0.7725425E+00  0.4877642E+01 -0.9090909E+01
   159  0.7725425E+00  0.4877642E+01 -0.8181818E+01
   160  0.7725425E+00  0.4877642E+01 -0.7272727E+01
   161  0.7725425E+00  0.4877642E+01 -0.6363636E+01
   162  0.7725425E+00  0.4877642E+01 -0.5454545E+01
   163  0.7725425E+00  0.4877642E+01 -0.4545455E+01
   164  0.7725425E+00  0.4877642E+01 -0.3636364E+01
   165  0.7725425E+00  0.4877642E+01 -0.2727273E+01
   166  0.7725425E+00  0.4877642E+01 -0.1818182E+01
   167  0.7725425E+00  0.4877642E+01 -0.9090910E+00
   168  0.7725425E+00  0.4877642E+01  0.0000000E+00
   169  0.1545085E+01  0.4755283E+01 -0.1000000E+02
   170  0.1545085E+01  0.4755283E+01 -0.9090909E+01
   171  0.1545085E+01  0.4755283E+01 -0.8181818E+01
   172  0.1545085E+01  0.4755283E+01 -0.7272727E+01
   173  0.1545085E+01  0.4755283E+01 -0.6363636E+01
   174  0.1545085E+01  0.4755283E+01 -0.5454545E+01
   175  0.1545085E+01  0.4755283E+01 -0.4545455E+01
   176  0.1545085E+01  0.4755283E+01 -0.3636364E+01
   177  0.1545085E+01  0.4755283E+01 -0.2727273E+01
   178  0.1545085E+01  0.4755283E+01 -0.1818182E+01
   179  0.1545085E+01  0.4755283E+01 -0.9090910E+00
   180  0.1545085E+01  0.4755283E+01  0.0000000E+00
   181 -0.1545085E+01  0.4755283E+01 -0.1000000E+02
   182 -0.1545085E+01  0.4755283E+01 -0.9090909E+01
   183 -0.1545085E+01  0.4755283E+01 -0.8181818E+01
   184 -0.1545085E+01  0.4755283E+01 -0.7272727E+01
   185 -0.1545085E+01  0.4755283E+01 -0.6363636E+01
   186 -0.1545085E+01  0.4755283E+01 -0.5454545E+01
   187 -0.1545085E+01  0.4755283E+01 -0.4545455E+01
   188 -0.1545085E+01  0.4755283E+01 -0.3636364E+01
   189 -0.1545085E+01  0.4755283E+01 -0.2727273E+01
   190 -0.1545085E+01  0.4755283E+01 -0.1818182E+01
   191 -0.1545085E+01  0.4755283E+01 -0.9090910E+00
   192 -0.1545085E+01  0.4755283E+01  0.0000000E+00
   193 -0.7725425E+00  0.4877642E+01 -0.1000000E+02
   194 -0.7725425E+00  0.4877642E+01 -0.9090909E+01
   195 -0.7725425E+00  0.4877642E+01 -0.8181818E+01
   196 -0.7725425E+00  0.4877642E+01 -0.7272727E+01
   197 -0.7725425E+00  0.4877642E+01 -0.6363636E+01
   198 -0.7725425E+00  0.4877642E+01 -0.5454545E+01
   199 -0.7725425E+00  0.4877642E+01 -0.4545455E+01
   200 -0.7725425E+00  0.4877642E+01 -0.3636364E+01
   201 -0.7725425E+00  0.4877642E+01 -0.2727273E+01
   202 -0.7725425E+00  0.4877642E+01 -0.1818182E+01
   203 -0.7725425E+00  0.4877642E+01 -0.9090910E+00
   204 -0.7725425E+00  0.4877642E+01  0.0000000E+00
   205  0.0000000E+00  0.5000000E+01 -0.1000000E+02
   206  0.0000000E+00  0.5000000E+01 -0.9090909E+01
   207  0.0000000E+00  0.5000000E+01 -0.8181818E+01
   208  0.0000000E+00  0.5000000E+01 -0.7272727E+01
   209  0.0000000E+00  0.5000000E+01 -0.6363636E+01
   210  0.0000000E+00  0.5000000E+01 -0.5454545E+01
   211  0.0000000E+00  0.5000000E+01 -0.4545455E+01
   212  0.0000000E+00  0.5000000E+01 -0.3636364E+01
   213  0.0000000E+00  0.5000000E+01 -0.2727273E+01
   214  0.0000000E+00  0.5000000E+01 -0.1818182E+01
   215  0.0000000E+00  0.5000000E+01 -0.9090910E+00
   216  0.0000000E+00  0.5000000E+01  0.0000000E+00
   217 -0.2938926E+01  0.4045085E+01 -0.1000000E+02
   218 -0.2938926E+01  0.4045085E+01 -0.9090909E+01
   219 -0.2938926E+01  0.4045085E+01 -0.8181818E+01
   220 -0.2938926E+01  0.4045085E+01 -0.7272727E+01
   221 -0.2938926E+01  0.4045085E+01 -0.6363636E+01
   222 -0.2938926E+01  0.4045085E+01 -0.5454545E+01
   223 -0.2938926E+01  0.4045085E+01 -0.4545455E+01
   224 -0.2938926E+01  0.4045085E+01 -0.3636364E+01
   225 -0.2938926E+01  0.4045085E+01 -0.2727273E+01
   226 -0.2938926E+01  0.4045085E+01 -0.1818182E+01
   227 -0.2938926E+01  0.4045085E+01 -0.9090910E+00
   228 -0.2938926E+01  0.4045085E+01  0.0000000E+00
   229 -0.2242005E+01  0.4400184E+01 -0.1000000E+02
   230 -0.2242005E+01  0.4400184E+01 -0.9090909E+01
   231 -0.2242005E+01  0.4400184E+01 -0.8181818E+01
   232 -0.2242005E+01  0.4400184E+01 -0.7272727E+01
   233 -0.2242005E+01  0.4400184E+01 -0.6363636E+01
   234 -0.2242005E+01  0.4400184E+01 -0.5454545E+01
   235 -0.2242005E+01  0.4400184E+01 -0.4545455E+01
   236 -0.2242005E+01  0.4400184E+01 -0.3636364E+01
   237 -0.2242005E+01  0.4400184E+01 -0.2727273E+01
   238 -0.2242005E+01  0.4400184E+01 -0.1818182E+01
   239 -0.2242005E+01  0.4400184E+01 -0.9090910E+00
   240 -0.2242005E+01  0.4400184E+01  0.0000000E+00
   241 -0.1545085E+01  0.4755283E+01 -0.1000000E+02
   242 -0.1545085E+01  0.4755283E+01 -0.9090909E+01
   243 -0.1545085E+01  0.4755283E+01 -0.8181818E+01
   244 -0.1545085E+01  0.4755283E+01 -0.7272727E+01
   245 -0.1545085E+01  0.4755283E+01 -0.6363636E+01
   246 -0.1545085E+01  0.4755283E+01 -0.5454545E+01
   247 -0.1545085E+01  0.4755283E+01 -0.4545455E+01
   248 -0.1545085E+01  0.4755283E+01 -0.3636364E+01
   249 -0.1545085E+01  0.4755283E+01 -0.2727273E+01
   250 -0.1545085E+01  0.4755283E+01 -0.1818182E+01
   251 -0.1545085E+01  0.4755283E+01 -0.9090910E+00
   252 -0.1545085E+01  0.4755283E+01  0.0000000E+00
   253 -0.4045085E+01  0.2938926E+01 -0.1000000E+02
   254 -0.4045085E+01  0.2938926E+01 -0.9090909E+01
   255 -0.4045085E+01  0.2938926E+01 -0.8181818E+01
   256 -0.4045085E+01  0.2938926E+01 -0.7272727E+01
   257 -0.4045085E+01  0.2938926E+01 -0.6363636E+01
   258 -0.4045085E+01  0.2938926E+01 -0.5454545E+01
   259 -0.4045085E+01  0.2938926E+01 -0.4545455E+01
   260 -0.4045085E+01  0.2938926E+01 -0.3636364E+01
   261 -0.4045085E+01  0.2938926E+01 -0.2727273E+01
   262 -0.4045085E+01  0.2938926E+01 -0.1818182E+01
   263 -0.4045085E+01  0.2938926E+01 -0.9090910E+00
   264 -0.4045085E+01  0.2938926E+01  0.0000000E+00
   265 -0.3492005E+01  0.3492005E+01 -0.1000000E+02
   266 -0.3492005E+01  0.3492005E+01 -0.9090909E+01
   267 -0.3492005E+01  0.3492005E+01 -0.8181818E+01
   268 -0.3492005E+01  0.3492005E+01 -0.7272727E+01
   269 -0.3492005E+01  0.3492005E+01 -0.6363636E+01
   270 -0.3492005E+01  0.3492005E+01 -0.5454545E+01
   271 -0.3492005E+01  0.3492005E+01 -0.4545455E+01
   272 -0.3492005E+01  0.3492005E+01 -0.3636364E+01
   273 -0.3492005E+01  0.3492005E+01 -0.2727273E+01
   274 -0.3492005E+01  0.3492005E+01 -0.1818182E+01
   275 -0.3492005E+01  0.3492005E+01 -0.9090910E+00
   276 -0.3492005E+01  0.3492005E+01  0.0000000E+00
   277 -0.2938926E+01  0.4045085E+01 -0.1000000E+02
   278 -0.2938926E+01  0.4045085E+01 -0.9090909E+01
   279 -0.2938926E+01  0.4045085E+01 -0.8181818E+01
   280 -0.2938926E+01  0.4045085E+01 -0.7272727E+01
   281 -0.2938926E+01  0.4045085E+01 -0.6363636E+01
   282 -0.2938926E+01  0.4045085E+01 -0.5454545E+01
   283 -0.2938926E+01  0.4045085E+01 -0.4545455E+01
   284 -0.2938926E+01  0.4045085E+01 -0.3636364E+01
   285 -0.2938926E+01  0.4045085E+01 -0.2727273E+01
   286 -0.2938926E+01  0.4045085E+01 -0.1818182E+01
   287 -0.2938926E+01  0.4045085E+01 -0.9090910E+00
   288 -0.2938926E+01  0.4045085E+01  0.0000000E+00
   289 -0.4755283E+01  0.1545085E+01 -0.1000000E+02
   290 -0.4755283E+01  0.1545085E+01 -0.9090909E+01
   291 -0.4755283E+01  0.1545085E+01 -0.8181818E+01
   292 -0.4755283E+01  0.1545085E+01 -0.7272727E+01
   293 -0.4755283E+01  0.1545085E+01 -0.6363636E+01
   294 -0.4755283E+01  0.1545085E+01 -0.5454545E+01
   295 -0.4755283E+01  0.1545085E+01 -0.4545455E+01
   296 -0.4755283E+01  0.1545085E+01 -0.3636364E+01
   297 -0.4755283E+01  0.1545085E+01 -0.2727273E+01
   298 -0.4755283E+01  0.1545085E+01 -0.1818182E+01
   299 -0.4755283E+01  0.1545085E+01 -0.9090910E+00
   300 -0.4755283E+01  0.1545085E+01  0.0000000E+00
   301 -0.4400184E+01  0.2242005E+01 -0.1000000E+02
   302 -0.4400184E+01  0.2242005E+01 -0.9090909E+01
   303 -0.4400184E+01  0.2242005E+01 -0.8181818E+01
   304 -0.4400184E+01  0.2242005E+01 -0.7272727E+01
   305 -0.4400184E+01  0.2242005E+01 -0.6363636E+01
   306 -0.4400184E+01  0.2242005E+01 -0.5454545E+01
   307 -0.4400184E+01  0.2242005E+01 -0.4545455E+01
   308 -0.4400184E+01  0.2242005E+01 -0.3636364E+01
   309 -0.4400184E+01  0.2242005E+01 -0.2727273E+01
   310 -0.4400184E+01  0.2242005E+01 -0.1818182E+01
   311 -0.4400184E+01  0.2242005E+01 -0.9090910E+00
   312 -0.4400184E+01  0.2242005E+01  0.0000000E+00
   313 -0.4045085E+01  0.2938926E+01 -0.1000000E+02
   314 -0.4045085E+01  0.2938926E+01 -0.9090909E+01
   315 -0.4045085E+01  0.2938926E+01 -0.8181818E+01
   316 -0.4045085E+01  0.2938926E+01 -0.7272727E+01
   317 -0.4045085E+01  0.2938926E+01 -0.6363636E+01
   318 -0.4045085E+01  0.2938926E+01 -0.5454545E+01
   319 -0.4045085E+01  0.2938926E+01 -0.4545455E+01
   320 -0.4045085E+01  0.2938926E+01 -0.3636364E+01
   321 -0.4045085E+01  0.2938926E+01 -0.2727273E+01
   322 -0.4045085E+01  0.2938926E+01 -0.1818182E+01
   323 -0.4045085E+01  0.2938926E+01 -0.9090910E+00
   324 -0.4045085E+01  0.2938926E+01  0.0000000E+00
   325 -0.5000000E+01  0.0000000E+00 -0.1000000E+02
   326 -0.5000000E+01  0.0000000E+00 -0.9090909E+01
   327 -0.5000000E+01  0.0000000E+00 -0.8181818E+01
   328 -0.5000000E+01  0.0000000E+00 -0.7272727E+01
   329 -0.5000000E+01  0.0000000E+00 -0.6363636E+01
   330 -0.5000000E+01  0.0000000E+00 -0.5454545E+01
   331 -0.5000000E+01  0.0000000E+00 -0.4545455E+01
   332 -0.5000000E+01  0.0000000E+00 -0.3636364E+01
   333 -0.5000000E+01  0.0000000E+00 -0.2727273E+01
   334 -0.5000000E+01  0.0000000E+00 -0.1818182E+01
   335 -0.5000000E+01  0.0000000E+00 -0.9090910E+00
   336 -0.5000000E+01  0.0000000E+00  0.0000000E+00
   337 -0.4877642E+01  0.7725425E+00 -0.1000000E+02
   338 -0.4877642E+01  0.7725425E+00 -0.9090909E+01
   339 -0.4877642E+01  0.7725425E+00 -0.8181818E+01
   340 -0.4877642E+01  0.7725425E+00 -0.7272727E+01
   341 -0.4877642E+01  0.7725425E+00 -0.6363636E+01
   342 -0.4877642E+01  0.7725425E+00 -0.5454545E+01
   343 -0.4877642E+01  0.7725425E+00 -0.4545455E+01
   344 -0.4877642E+01  0.7725425E+00 -0.3636364E+01
   345 -0.4877642E+01  0.7725425E+00 -0.2727273E+01
   346 -0.4877642E+01  0.7725425E+00 -0.1818182E+01
   347 -0.4877642E+01  0.7725425E+00 -0.9090910E+00
   348 -0.4877642E+01  0.7725425E+00  0.0000000E+00
   349 -0.4755283E+01  0.1545085E+01 -0.1000000E+02
   350 -0.4755283E+01  0.1545085E+01 -0.9090909E+01
   351 -0.4755283E+01  0.1545085E+01 -0.8181818E+01
   352 -0.4755283E+01  0.1545085E+01 -0.7272727E+01
   353 -0.4755283E+01  0.1545085E+01 -0.6363636E+01
   354 -0.4755283E+01  0.1545085E+01 -0.5454545E+01
   355 -0.4755283E+01  0.1545085E+01 -0.4545455E+01
   356 -0.4755283E+01  0.1545085E+01 -0.3636364E+01
   357 -0.4755283E+01  0.1545085E+01 -0.2727273E+01
   358 -0.4755283E+01  0.1545085E+01 -0.1818182E+01
   359 -0.4755283E+01  0.1545085E+01 -0.9090910E+00
   360 -0.4755283E+01  0.1545085E+01  0.0000000E+00
   361  0.0000000E+00  0.0000000E+00 -0.1000000E+02
   362  0.0000000E+00  0.0000000E+00 -0.1000000E+02
   363  0.8333333E+00  0.0000000E+00 -0.1000000E+02
   364  0.7925472E+00  0.2575141E+00 -0.1000000E+02
   365  0.1666667E+01  0.0000000E+00 -0.1000000E+02
   366  0.1585094E+01  0.5150283E+00 -0.1000000E+02
   367  0.2500000E+01  0.0000000E+00 -0.1000000E+02
   368  0.2377641E+01  0.7725425E+00 -0.1000000E+02
   369  0.3333333E+01  0.0000000E+00 -0.1000000E+02
   370  0.3170189E+01  0.1030057E+01 -0.1000000E+02
   371  0.4166667E+01  0.0000000E+00 -0.1000000E+02
   372  0.3962736E+01  0.1287571E+01 -0.1000000E+02
   373  0.5000000E+01  0.0000000E+00 -0.1000000E+02
   374  0.4755283E+01  0.1545085E+01 -0.1000000E+02
   375  0.0000000E+00  0.0000000E+00 -0.1000000E+02
   376  0.0000000E+00  0.0000000E+00 -0.1000000E+02
   377  0.7925472E+00  0.2575141E+00 -0.1000000E+02
   378  0.6741808E+00  0.4898210E+00 -0.1000000E+02
   379  0.1585094E+01  0.5150283E+00 -0.1000000E+02
   380  0.1348362E+01  0.9796420E+00 -0.1000000E+02
   381  0.2377641E+01  0.7725425E+00 -0.1000000E+02
   382  0.2022542E+01  0.1469463E+01 -0.1000000E+02
   383  0.3170189E+01  0.1030057E+01 -0.1000000E+02
   384  0.2696723E+01  0.1959284E+01 -0.1000000E+02
   385  0.3962736E+01  0.1287571E+01 -0.1000000E+02
   386  0.3370904E+01  0.2449105E+01 -0.1000000E+02
   387  0.4755283E+01  0.1545085E+01 -0.1000000E+02
   388  0.4045085E+01  0.2938926E+01 -0.1000000E+02
   389  0.0000000E+00  0.0000000E+00 -0.1000000E+02
   390  0.0000000E+00  0.0000000E+00 -0.1000000E+02
   391  0.6741808E+00  0.4898210E+00 -0.1000000E+02
   392  0.4898210E+00  0.6741808E+00 -0.1000000E+02
   393  0.1348362E+01  0.9796420E+00 -0.1000000E+02
   394  0.9796420E+00  0.1348362E+01 -0.1000000E+02
   395  0.2022542E+01  0.1469463E+01 -0.1000000E+02
   396  0.1469463E+01  0.2022542E+01 -0.1000000E+02
   397  0.2696723E+01  0.1959284E+01 -0.1000000E+02
   398  0.1959284E+01  0.2696723E+01 -0.1000000E+02
   399  0.3370904E+01  0.2449105E+01 -0.1000000E+02
   400  0.2449105E+01  0.3370904E+01 -0.1000000E+02
   401  0.4045085E+01  0.2938926E+01 -0.1000000E+02
   402  0.2938926E+01  0.4045085E+01 -0.1000000E+02
   403  0.0000000E+00  0.0000000E+00 -0.1000000E+02
   404  0.0000000E+00  0.0000000E+00 -0.1000000E+02
   405  0.4898210E+00  0.6741808E+00 -0.1000000E+02
   406  0.2575141E+00  0.7925472E+00 -0.1000000E+02
   407  0.9796420E+00  0.1348362E+01 -0.1000000E+02
   408  0.5150283E+00  0.1585094E+01 -0.1000000E+02
   409  0.1469463E+01  0.2022542E+01 -0.1000000E+02
   410  0.7725425E+00  0.2377641E+01 -0.1000000E+02
   411  0.1959284E+01  0.2696723E+01 -0.1000000E+02
   412  0.1030057E+01  0.3170189E+01 -0.1000000E+02
   413  0.2449105E+01  0.3370904E+01 -0.1000000E+02
   414  0.1287571E+01  0.3962736E+01 -0.1000000E+02
   415  0.2938926E+01  0.4045085E+01 -0.1000000E+02
   416  0.1545085E+01  0.4755283E+01 -0.1000000E+02
   417  0.0000000E+00  0.0000000E+00 -0.1000000E+02
   418  0.0000000E+00  0.0000000E+00 -0.1000000E+02
   419  0.2575141E+00  0.7925472E+00 -0.1000000E+02
   420  0.0000000E+00  0.8333333E+00 -0.1000000E+02
   421  0.5150283E+00  0.1585094E+01 -0.1000000E+02
   422  0.0000000E+00  0.1666667E+01 -0.1000000E+02
   423  0.7725425E+00  0.2377641E+01 -0.1000000E+02
   424  0.0000000E+00  0.2500000E+01 -0.1000000E+02
   425  0.1030057E+01  0.3170189E+01 -0.1000000E+02
   426  0.0000000E+00  0.3333333E+01 -0.1000000E+02
   427  0.1287571E+01  0.3962736E+01 -0.1000000E+02
   428  0.0000000E+00  0.4166667E+01 -0.1000000E+02
   429  0.1545085E+01  0.4755283E+01 -0.1000000E+02
   430  0.0000000E+00  0.5000000E+01 -0.1000000E+02
   431  0.0000000E+00  0.0000000E+00 -0.1000000E+02
   432  0.0000000E+00  0.0000000E+00 -0.1000000E+02
   433  0.0000000E+00  0.8333333E+00 -0.1000000E+02
   434 -0.2575141E+00  0.7925472E+00 -0.1000000E+02
   435  0.0000000E+00  0.1666667E+01 -0.1000000E+02
   436 -0.5150283E+00  0.1585094E+01 -0.1000000E+02
   437  0.0000000E+00  0.2500000E+01 -0.1000000E+02
   438 -0.7725425E+00  0.2377641E+01 -0.1000000E+02
   439  0.0000000E+00  0.3333333E+01 -0.1000000E+02
   440 -0.1030057E+01  0.3170189E+01 -0.1000000E+02
   441  0.0000000E+00  0.4166667E+01 -0.1000000E+02
   442 -0.1287571E+01  0.3962736E+01 -0.1000000E+02
   443  0.0000000E+00  0.5000000E+01 -0.1000000E+02
   444 -0.1545085E+01  0.4755283E+01 -0.1000000E+02
   445  0.0000000E+00  0.0000000E+00 -0.1000000E+02
   446  0.0000000E+00  0.0000000E+00 -0.1000000E+02
   447 -0.2575141E+00  0.7925472E+00 -0.1000000E+02
   448 -0.4898210E+00  0.6741808E+00 -0.1000000E+02
   449 -0.5150283E+00  0.1585094E+01 -0.1000000E+02
   450 -0.9796420E+00  0.1348362E+01 -0.1000000E+02
   451 -0.7725425E+00  0.2377641E+01 -0.1000000E+02
   452 -0.1469463E+01  0.2022542E+01 -0.1000000E+02
   453 -0.1030057E+01  0.3170189E+01 -0.1000000E+02
   454 -0.1959284E+01  0.2696723E+01 -0.1000000E+02
   455 -0.1287571E+01  0.3962736E+01 -0.1000000E+02
   456 -0.2449105E+01  0.3370904E+01 -0.1000000E+02
   457 -0.1545085E+01  0.4755283E+01 -0.1000000E+02
   458 -0.2938926E+01  0.4045085E+01 -0.1000000E+02
   459  0.0000000E+00  0.0000000E+00 -0.1000000E+02
   460  0.0000000E+00  0.0000000E+00 -0.1000000E+02
   461 -0.4898210E+00  0.6741808E+00 -0.1000000E+02
   462 -0.6741808E+00  0.4898210E+00 -0.1000000E+02
   463 -0.9796420E+00  0.1348362E+01 -0.1000000E+02
   464 -0.1348362E+01  0.9796420E+00 -0.1000000E+02
   465 -0.1469463E+01  0.2022542E+01 -0.1000000E+02
   466 -0.2022542E+01  0.1469463E+01 -0.1000000E+02
   467 -0.1959284E+01  0.2696723E+01 -0.1000000E+02
   468 -0.2696723E+01  0.1959284E+01 -0.1000000E+02
   469 -0.2449105E+01  0.3370904E+01 -0.1000000E+02
   470 -0.3370904E+01  0.2449105E+01 -0.1000000E+02
   471 -0.2938926E+01  0.4045085E+01 -0.1000000E+02
   472 -0.4045085E+01  0.2938926E+01 -0.1000000E+02
   473  0.0000000E+00  0.0000000E+00 -0.1000000E+02
   474  0.0000000E+00  0.0000000E+00 -0.1000000E+02
   475 -0.6741808E+00  0.4898210E+00 -0.1000000E+02
   476 -0.7925472E+00  0.2575141E+00 -0.1000000E+02
   477 -0.1348362E+01  0.9796420E+00 -0.1000000E+02
   478 -0.1585094E+01  0.5150283E+00 -0.1000000E+02
   479 -0.2022542E+01  0.1469463E+01 -0.1000000E+02
   480 -0.2377641E+01  0.7725425E+00 -0.1000000E+02
   481 -0.2696723E+01  0.1959284E+01 -0.1000000E+02
   482 -0.3170189E+01  0.1030057E+01 -0.1000000E+02
   483 -0.3370904E+01  0.2449105E+01 -0.1000000E+02
   484 -0.3962736E+01  0.1287571E+01 -0.1000000E+02
   485 -0.4045085E+01  0.2938926E+01 -0.1000000E+02
   486 -0.4755283E+01  0.1545085E+01 -0.1000000E+02
   487  0.0000000E+00  0.0000000E+00 -0.1000000E+02
   488  0.0000000E+00  0.0000000E+00 -0.1000000E+02
   489 -0.7925472E+00  0.2575141E+00 -0.1000000E+02
   490 -0.8333333E+00  0.0000000E+00 -0.1000000E+02
   491 -0.1585094E+01  0.5150283E+00 -0.1000000E+02
   492 -0.1666667E+01  0.0000000E+00 -0.1000000E+02
   493 -0.2377641E+01  0.7725425E+00 -0.1000000E+02
   494 -0.2500000E+01  0.0000000E+00 -0.1000000E+02
   495 -0.3170189E+01  0.1030057E+01 -0.1000000E+02
   496 -0.3333333E+01  0.0000000E+00 -0.1000000E+02
   497 -0.3962736E+01  0.1287571E+01 -0.1000000E+02
   498 -0.4166667E+01  0.0000000E+00 -0.1000000E+02
   499 -0.4755283E+01  0.1545085E+01 -0.1000000E+02
   500 -0.5000000E+01  0.0000000E+00 -0.1000000E+02
     0  0.0000000E+00  0.0000000E+00  0.0000000E+00
      1      2     14     13
      2      3     15     14
      3      4     16     15
      4      5     17     16
      5      6     18     17
      6      7     19     18
      7      8     20     19
      8      9     21     20
      9     10     22     21
     10     11     23     22
     11     12     24     23
     13     14     26     25
     14     15     27     26
     15     16     28     27
     16     17     29     28
     17     18     30     29
     18     19     31     30
     19     20     32     31
     20     21     33     32
     21     22     34     33
     22     23     35     34
     23     24     36     35
     37     38     50     49
     38     39     51     50
     39     40     52     51
     40     41     53     52
     41     42     54     53
     42     43     55     54
     43     44     56     55
     44     45     57     56
     45     46     58     57
     46     47     59     58
     47     48     60     59
     49     50     62     61
     50     51     63     62
     51     52     64     63
     52     53     65     64
     53     54     66     65
     54     55     67     66
     55     56     68     67
     56     57     69     68
     57     58     70     69
     58     59     71     70
     59     60     72     71
     73     74     86     85
     74     75     87     86
     75     76     88     87
     76     77     89     88
     77     78     90     89
     78     79     91     90
     79     80     92     91
     80     81     93     92
     81     82     94     93
     82     83     95     94
     83     84     96     95
     85     86     98     97
     86     87     99     98
     87     88    100     99
     88     89    101    100
     89     90    102    101
     90     91    103    102
     91     92    104    103
     92     93    105    104
     93     94    106    105
     94     95    107    106
     95     96    108    107
    109    110    122    121
    110    111    123    122
    111    112    124    123
    112    113    125    124
    113    114    126    125
    114    115    127    126
    115    116    128    127
    116    117    129    128
    117    118    130    129
    118    119    131    130
    119    120    132    131
    121    122    134    133
    122    123    135    134
    123    124    136    135
    124    125    137    136
    125    126    138    137
    126    127    139    138
    127    128    140    139
    128    129    141    140
    129    130    142    141
    130    131    143    142
    131    132    144    143
    145    146    158    157
    146    147    159    158
    147    148    160    159
    148    149    161    160
    149    150    162    161
    150    151    163    162
    151    152    164    163
    152    153    165    164
    153    154    166    165
    154    155    167    166
    155    156    168    167
    157    158    170    169
    158    159    171    170
    159    160    172    171
    160    161    173    172
    161    162    174    173
    162    163    175    174
    163    164    176    175
    164    165    177    176
    165    166    178    177
    166    167    179    178
    167    168    180    179
    181    182    194    193
    182    183    195    194
    183    184    196    195
    184    185    197    196
    185    186    198    197
    186    187    199    198
    187    188    200    199
    188    189    201    200
    189    190    202    201
    190    191    203    202
    191    192    204    203
    193    194    206    205
    194    195    207    206
    195    196    208    207
    196    197    209    208
    197    198    210    209
    198    199    211    210
    199    200    212    211
    200    201    213    212
    201    202    214    213
    202    203    215    214
    203    204    216    215
    217    218    230    229
    218    219    231    230
    219    220    232    231
    220    221    233    232
    221    222    234    233
    222    223    235    234
    223    224    236    235
    224    225    237    236
    225    226    238    237
    226    227    239    238
    227    228    240    239
    229    230    242    241
    230    231    243    242
    231    232    244    243
    232    233    245    244
    233    234    246    245
    234    235    247    246
    235    236    248    247
    236    237    249    248
    237    238    250    249
    238    239    251    250
    239    240    252    251
    253    254    266    265
    254    255    267    266
    255    256    268    267
    256    257    269    268
    257    258    270    269
    258    259    271    270
    259    260    272    271
    260    261    273    272
    261    262    274    273
    262    263    275    274
    263    264    276    275
    265    266    278    277
    266    267    279    278
    267    268    280    279
    268    269    281    280
    269    270    282    281
    270    271    283    282
    271    272    284    283
    272    273    285    284
    273    274    286    285
    274    275    287    286
    275    276    288    287
    289    290    302    301
    290    291    303    302
    291    292    304    303
    292    293    305    304
    293    294    306    305
    294    295    307    306
    295    296    308    307
    296    297    309    308
    297    298    310    309
    298    299    311    310
    299    300    312    311
    301    302    314    313
    302    303    315    314
    303    304    316    315
    304    305    317    316
    305    306    318    317
    306    307    319    318
    307    308    320    319
    308    309    321    320
    309    310    322    321
    310    311    323    322
    311    312    324    323
    325    326    338    337
    326    327    339    338
    327    328    340    339
    328    329    341    340
    329    330    342    341
    330    331    343    342
    331    332    344    343
    332    333    345    344
    333    334    346    345
    334    335    347    346
    335    336    348    347
    337    338    350    349
    338    339    351    350
    339    340    352    351
    340    341    353    352
    341    342    354    353
    342    343    355    354
    343    344    356    355
    344    345    357    356
    345    346    358    357
    346    347    359    358
    347    348    360    359
    361    362    364    363
    363    364    366    365
    365    366    368    367
    367    368    370    369
    369    370    372    371
    371    372    374    373
    375    376    378    377
    377    378    380    379
    379    380    382    381
    381    382    384    383
    383    384    386    385
    385    386    388    387
    389    390    392    391
    391    392    394    393
    393    394    396    395
    395    396    398    397
    397    398    400    399
    399    400    402    401
    403    404    406    405
    405    406    408    407
    407    408    410    409
    409    410    412    411
    411    412    414    413
    413    414    416    415
    417    418    420    419
    419    420    422    421
    421    422    424    423
    423    424    426    425
    425    426    428    427
    427    428    430    429
    431    432    434    433
    433    434    436    435
    435    436    438    437
    437    438    440    439
    439    440    442    441
    441    442    444    443
    445    446    448    447
    447    448    450    449
    449    450    452    451
    451    452    454    453
    453    454    456    455
    455    456    458    457
    459    460    462    461
    461    462    464    463
    463    464    466    465
    465    466    468    467
    467    468    470    469
    469    470    472    471
    473    474    476    475
    475    476    478    477
    477    478    480    479
    479    480    482    481
    481    482    484    483
    483    484    486    485
    487    488    490    489
    489    490    492    491
    491    492    494    493
    493    494    496    495
    495    496    498    497
    497    498    500    499
      0      0      0      0
